0.000000	3.772064	4.490683
0.005000	3.772339	4.490519
0.010000	3.773942	4.489565
0.015000	3.776875	4.487822
0.020000	3.781139	4.485291
0.025000	3.786738	4.481974
0.030000	3.793676	4.477873
0.035000	3.801958	4.472993
0.040000	3.811591	4.467337
0.045000	3.822582	4.460911
0.050000	3.834938	4.453718
0.055000	3.848670	4.445766
0.060000	3.863786	4.437061
0.065000	3.880299	4.427610
0.070000	3.898220	4.417420
0.075000	3.917563	4.406501
0.080000	3.938342	4.394862
0.085000	3.960572	4.382511
0.090000	3.984269	4.369458
0.095000	4.009451	4.355715
0.100000	4.036135	4.341293
0.105000	4.064343	4.326202
0.110000	4.094093	4.310455
0.115000	4.125408	4.294064
0.120000	4.158310	4.277042
0.125000	4.192823	4.259402
0.130000	4.228972	4.241159
0.135000	4.266783	4.222325
0.140000	4.306284	4.202915
0.145000	4.347502	4.182944
0.150000	4.390467	4.162426
0.155000	4.435210	4.141377
0.160000	4.481763	4.119813
0.165000	4.530159	4.097748
0.170000	4.580432	4.075198
0.175000	4.632618	4.052180
0.180000	4.686753	4.028709
0.185000	4.742876	4.004802
0.190000	4.801026	3.980475
0.195000	4.861244	3.955744
0.200000	4.923571	3.930627
0.205000	4.988051	3.905139
0.210000	5.054729	3.879296
0.215000	5.123650	3.853117
0.220000	5.194862	3.826616
0.225000	5.268414	3.799811
0.230000	5.344354	3.772718
0.235000	5.422736	3.745352
0.240000	5.503612	3.717731
0.245000	5.587035	3.689871
0.250000	5.673063	3.661787
0.255000	5.761751	3.633496
0.260000	5.853159	3.605012
0.265000	5.947347	3.576352
0.270000	6.044375	3.547531
0.275000	6.144308	3.518564
0.280000	6.247209	3.489465
0.285000	6.353144	3.460251
0.290000	6.462182	3.430934
0.295000	6.574390	3.401529
0.300000	6.689838	3.372051
0.305000	6.808600	3.342512
0.310000	6.930748	3.312927
0.315000	7.056356	3.283308
0.320000	7.185501	3.253669
0.325000	7.318261	3.224022
0.330000	7.454714	3.194379
0.335000	7.594940	3.164752
0.340000	7.739023	3.135154
0.345000	7.887044	3.105595
0.350000	8.039088	3.076086
0.355000	8.195241	3.046639
0.360000	8.355590	3.017264
0.365000	8.520223	2.987971
0.370000	8.689230	2.958770
0.375000	8.862700	2.929671
0.380000	9.040726	2.900683
0.385000	9.223401	2.871814
0.390000	9.410817	2.843075
0.395000	9.603069	2.814472
0.400000	9.800253	2.786014
0.405000	10.002465	2.757709
0.410000	10.209800	2.729564
0.415000	10.422358	2.701587
0.420000	10.640234	2.673784
0.425000	10.863529	2.646162
0.430000	11.092339	2.618728
0.435000	11.326763	2.591487
0.440000	11.566900	2.564445
0.445000	11.812849	2.537608
0.450000	12.064708	2.510981
0.455000	12.322573	2.484570
0.460000	12.586544	2.458378
0.465000	12.856716	2.432411
0.470000	13.133184	2.406672
0.475000	13.416044	2.381166
0.480000	13.705389	2.355897
0.485000	14.001310	2.330867
0.490000	14.303899	2.306082
0.495000	14.613242	2.281543
0.500000	14.929426	2.257254
0.505000	15.252536	2.233217
0.510000	15.582651	2.209435
0.515000	15.919851	2.185911
0.520000	16.264211	2.162646
0.525000	16.615802	2.139643
0.530000	16.974693	2.116903
0.535000	17.340946	2.094428
0.540000	17.714624	2.072220
0.545000	18.095779	2.050280
0.550000	18.484462	2.028610
0.555000	18.880719	2.007209
0.560000	19.284588	1.986080
0.565000	19.696103	1.965223
0.570000	20.115289	1.944638
0.575000	20.542168	1.924327
0.580000	20.976753	1.904289
0.585000	21.419048	1.884525
0.590000	21.869051	1.865035
0.595000	22.326753	1.845819
0.600000	22.792133	1.826878
0.605000	23.265163	1.808210
0.610000	23.745805	1.789816
0.615000	24.234012	1.771696
0.620000	24.729726	1.753849
0.625000	25.232877	1.736275
0.630000	25.743387	1.718973
0.635000	26.261164	1.701943
0.640000	26.786105	1.685183
0.645000	27.318095	1.668694
0.650000	27.857006	1.652474
0.655000	28.402697	1.636523
0.660000	28.955014	1.620840
0.665000	29.513788	1.605423
0.670000	30.078839	1.590272
0.675000	30.649970	1.575386
0.680000	31.226970	1.560763
0.685000	31.809613	1.546403
0.690000	32.397658	1.532305
0.695000	32.990851	1.518466
0.700000	33.588917	1.504887
0.705000	34.191572	1.491566
0.710000	34.798510	1.478501
0.715000	35.409413	1.465691
0.720000	36.023947	1.453136
0.725000	36.641759	1.440833
0.730000	37.262483	1.428782
0.735000	37.885736	1.416981
0.740000	38.511119	1.405429
0.745000	39.138217	1.394124
0.750000	39.766600	1.383065
0.755000	40.395823	1.372251
0.760000	41.025425	1.361681
0.765000	41.654932	1.351353
0.770000	42.283855	1.341265
0.775000	42.911690	1.331417
0.780000	43.537922	1.321807
0.785000	44.162021	1.312434
0.790000	44.783448	1.303296
0.795000	45.401648	1.294393
0.800000	46.016060	1.285722
0.805000	46.626111	1.277284
0.810000	47.231218	1.269075
0.815000	47.830791	1.261096
0.820000	48.424234	1.253345
0.825000	49.010942	1.245820
0.830000	49.590308	1.238521
0.835000	50.161717	1.231447
0.840000	50.724555	1.224596
0.845000	51.278204	1.217967
0.850000	51.822047	1.211559
0.855000	52.355465	1.205371
0.860000	52.877845	1.199403
0.865000	53.388573	1.193652
0.870000	53.887043	1.188118
0.875000	54.372654	1.182801
0.880000	54.844813	1.177699
0.885000	55.302934	1.172810
0.890000	55.746442	1.168136
0.895000	56.174776	1.163674
0.900000	56.587386	1.159423
0.905000	56.983735	1.155384
0.910000	57.363303	1.151555
0.915000	57.725590	1.147936
0.920000	58.070110	1.144526
0.925000	58.396399	1.141324
0.930000	58.704014	1.138330
0.935000	58.992533	1.135542
0.940000	59.261559	1.132962
0.945000	59.510718	1.130588
0.950000	59.739663	1.128419
0.955000	59.948072	1.126456
0.960000	60.135651	1.124698
0.965000	60.302135	1.123144
0.970000	60.447287	1.121795
0.975000	60.570900	1.120650
0.980000	60.672797	1.119708
0.985000	60.752832	1.118971
0.990000	60.810892	1.118436
0.995000	60.846892	1.118105
1.000000	60.860783	1.117978
1.005000	60.852543	1.118053
1.010000	60.822188	1.118332
1.015000	60.769760	1.118815
1.020000	60.695337	1.119500
1.025000	60.599028	1.120390
1.030000	60.480971	1.121483
1.035000	60.341338	1.122779
1.040000	60.180329	1.124280
1.045000	59.998175	1.125986
1.050000	59.795136	1.127896
1.055000	59.571500	1.130011
1.060000	59.327583	1.132331
1.065000	59.063727	1.134858
1.070000	58.780300	1.137591
1.075000	58.477696	1.140530
1.080000	58.156330	1.143677
1.085000	57.816642	1.147032
1.090000	57.459090	1.150595
1.095000	57.084156	1.154368
1.100000	56.692337	1.158350
1.105000	56.284149	1.162543
1.110000	55.860125	1.166947
1.115000	55.420810	1.171563
1.120000	54.966765	1.176391
1.125000	54.498560	1.181434
1.130000	54.016780	1.186691
1.135000	53.522014	1.192163
1.140000	53.014861	1.197852
1.145000	52.495927	1.203758
1.150000	51.965823	1.209882
1.155000	51.425160	1.216225
1.160000	50.874557	1.222789
1.165000	50.314629	1.229574
1.170000	49.745994	1.236582
1.175000	49.169267	1.243813
1.180000	48.585060	1.251269
1.185000	47.993982	1.258950
1.190000	47.396637	1.266859
1.195000	46.793622	1.274995
1.200000	46.185528	1.283361
1.205000	45.572938	1.291958
1.210000	44.956426	1.300787
1.215000	44.336557	1.309848
1.220000	43.713882	1.319144
1.225000	43.088946	1.328676
1.230000	42.462279	1.338444
1.235000	41.834398	1.348451
1.240000	41.205809	1.358697
1.245000	40.577003	1.369184
1.250000	39.948456	1.379914
1.255000	39.320632	1.390886
1.260000	38.693978	1.402104
1.265000	38.068927	1.413568
1.270000	37.445896	1.425279
1.275000	36.825286	1.437239
1.280000	36.207484	1.449448
1.285000	35.592859	1.461909
1.290000	34.981765	1.474623
1.295000	34.374540	1.487591
1.300000	33.771507	1.500813
1.305000	33.172971	1.514292
1.310000	32.579223	1.528029
1.315000	31.990537	1.542024
1.320000	31.407173	1.556279
1.325000	30.829375	1.570795
1.330000	30.257371	1.585573
1.335000	29.691375	1.600615
1.340000	29.131586	1.615920
1.345000	28.578189	1.631491
1.350000	28.031355	1.647327
1.355000	27.491241	1.663431
1.360000	26.957991	1.679802
1.365000	26.431736	1.696442
1.370000	25.912594	1.713352
1.375000	25.400670	1.730531
1.380000	24.896058	1.747981
1.385000	24.398842	1.765702
1.390000	23.909091	1.783694
1.395000	23.426867	1.801959
1.400000	22.952220	1.820495
1.405000	22.485191	1.839304
1.410000	22.025809	1.858386
1.415000	21.574096	1.877741
1.420000	21.130067	1.897368
1.425000	20.693724	1.917267
1.430000	20.265065	1.937438
1.435000	19.844079	1.957882
1.440000	19.430747	1.978596
1.445000	19.025046	1.999581
1.450000	18.626943	2.020836
1.455000	18.236402	2.042360
1.460000	17.853378	2.064152
1.465000	17.477825	2.086211
1.470000	17.109688	2.108535
1.475000	16.748910	2.131124
1.480000	16.395427	2.153974
1.485000	16.049173	2.177086
1.490000	15.710078	2.200456
1.495000	15.378069	2.224083
1.500000	15.053067	2.247964
1.505000	14.734993	2.272097
1.510000	14.423764	2.296480
1.515000	14.119295	2.321108
1.520000	13.821500	2.345980
1.525000	13.530288	2.371092
1.530000	13.245569	2.396440
1.535000	12.967251	2.422021
1.540000	12.695239	2.447831
1.545000	12.429438	2.473866
1.550000	12.169754	2.500121
1.555000	11.916089	2.526592
1.560000	11.668347	2.553273
1.565000	11.426428	2.580160
1.570000	11.190237	2.607248
1.575000	10.959674	2.634530
1.580000	10.734641	2.662001
1.585000	10.515041	2.689654
1.590000	10.300776	2.717484
1.595000	10.091749	2.745483
1.600000	9.887861	2.773644
1.605000	9.689018	2.801961
1.610000	9.495123	2.830425
1.615000	9.306081	2.859029
1.620000	9.121798	2.887764
1.625000	8.942180	2.916622
1.630000	8.767135	2.945595
1.635000	8.596572	2.974673
1.640000	8.430400	3.003847
1.645000	8.268529	3.033107
1.650000	8.110873	3.062444
1.655000	7.957342	3.091846
1.660000	7.807853	3.121304
1.665000	7.662320	3.150807
1.670000	7.520660	3.180343
1.675000	7.382791	3.209901
1.680000	7.248634	3.239469
1.685000	7.118108	3.269035
1.690000	6.991136	3.298588
1.695000	6.867643	3.328113
1.700000	6.747552	3.357599
1.705000	6.630791	3.387032
1.710000	6.517288	3.416398
1.715000	6.406972	3.445684
1.720000	6.299774	3.474877
1.725000	6.195627	3.503961
1.730000	6.094464	3.532923
1.735000	5.996221	3.561747
1.740000	5.900835	3.590419
1.745000	5.808244	3.618924
1.750000	5.718387	3.647247
1.755000	5.631207	3.675371
1.760000	5.546644	3.703282
1.765000	5.464644	3.730963
1.770000	5.385153	3.758399
1.775000	5.308116	3.785574
1.780000	5.233482	3.812471
1.785000	5.161201	3.839075
1.790000	5.091223	3.865368
1.795000	5.023502	3.891335
1.800000	4.957991	3.916959
1.805000	4.894645	3.942224
1.810000	4.833421	3.967113
1.815000	4.774276	3.991611
1.820000	4.717169	4.015699
1.825000	4.662061	4.039364
1.830000	4.608913	4.062587
1.835000	4.557689	4.085353
1.840000	4.508352	4.107646
1.845000	4.460868	4.129450
1.850000	4.415203	4.150750
1.855000	4.371325	4.171530
1.860000	4.329203	4.191775
1.865000	4.288808	4.211469
1.870000	4.250110	4.230599
1.875000	4.213082	4.249149
1.880000	4.177698	4.267106
1.885000	4.143932	4.284455
1.890000	4.111761	4.301183
1.895000	4.081162	4.317278
1.900000	4.052111	4.332726
1.905000	4.024590	4.347515
1.910000	3.998577	4.361634
1.915000	3.974054	4.375070
1.920000	3.951004	4.387814
1.925000	3.929410	4.399854
1.930000	3.909257	4.411180
1.935000	3.890529	4.421785
1.940000	3.873214	4.431657
1.945000	3.857299	4.440790
1.950000	3.842772	4.449176
1.955000	3.829623	4.456808
1.960000	3.817843	4.463678
1.965000	3.807424	4.469782
1.970000	3.798356	4.475114
1.975000	3.790635	4.479669
1.980000	3.784255	4.483444
1.985000	3.779211	4.486435
1.990000	3.775499	4.488639
1.995000	3.773118	4.490056
