0.000000	0.128004
0.005000	0.128041
0.010000	0.128190
0.015000	0.128453
0.020000	0.128830
0.025000	0.129322
0.030000	0.129929
0.035000	0.130652
0.040000	0.131492
0.045000	0.132451
0.050000	0.133530
0.055000	0.134730
0.060000	0.136054
0.065000	0.137503
0.070000	0.139080
0.075000	0.140787
0.080000	0.142626
0.085000	0.144601
0.090000	0.146714
0.095000	0.148968
0.100000	0.151368
0.105000	0.153916
0.110000	0.156616
0.115000	0.159472
0.120000	0.162489
0.125000	0.165672
0.130000	0.169024
0.135000	0.172552
0.140000	0.176259
0.145000	0.180153
0.150000	0.184239
0.155000	0.188522
0.160000	0.193010
0.165000	0.197709
0.170000	0.202626
0.175000	0.207769
0.180000	0.213145
0.185000	0.218762
0.190000	0.224629
0.195000	0.230755
0.200000	0.237149
0.205000	0.243820
0.210000	0.250778
0.215000	0.258034
0.220000	0.265599
0.225000	0.273484
0.230000	0.281701
0.235000	0.290262
0.240000	0.299179
0.245000	0.308467
0.250000	0.318139
0.255000	0.328209
0.260000	0.338693
0.265000	0.349605
0.270000	0.360962
0.275000	0.372782
0.280000	0.385080
0.285000	0.397876
0.290000	0.411189
0.295000	0.425037
0.300000	0.439441
0.305000	0.454423
0.310000	0.470003
0.315000	0.486205
0.320000	0.503053
0.325000	0.520569
0.330000	0.538781
0.335000	0.557714
0.340000	0.577394
0.345000	0.597851
0.350000	0.619114
0.355000	0.641212
0.360000	0.664176
0.365000	0.688039
0.370000	0.712835
0.375000	0.738597
0.380000	0.765361
0.385000	0.793165
0.390000	0.822047
0.395000	0.852045
0.400000	0.883200
0.405000	0.915555
0.410000	0.949152
0.415000	0.984036
0.420000	1.020253
0.425000	1.057850
0.430000	1.096877
0.435000	1.137382
0.440000	1.179419
0.445000	1.223040
0.450000	1.268299
0.455000	1.315253
0.460000	1.363959
0.465000	1.414476
0.470000	1.466866
0.475000	1.521189
0.480000	1.577509
0.485000	1.635893
0.490000	1.696405
0.495000	1.759113
0.500000	1.824088
0.505000	1.891400
0.510000	1.961121
0.515000	2.033324
0.520000	2.108083
0.525000	2.185476
0.530000	2.265577
0.535000	2.348467
0.540000	2.434222
0.545000	2.522923
0.550000	2.614650
0.555000	2.709484
0.560000	2.807507
0.565000	2.908801
0.570000	3.013446
0.575000	3.121527
0.580000	3.233123
0.585000	3.348317
0.590000	3.467189
0.595000	3.589820
0.600000	3.716288
0.605000	3.846671
0.610000	3.981045
0.615000	4.119484
0.620000	4.262059
0.625000	4.408841
0.630000	4.559894
0.635000	4.715283
0.640000	4.875066
0.645000	5.039299
0.650000	5.208033
0.655000	5.381313
0.660000	5.559181
0.665000	5.741670
0.670000	5.928809
0.675000	6.120620
0.680000	6.317116
0.685000	6.518304
0.690000	6.724181
0.695000	6.934737
0.700000	7.149951
0.705000	7.369792
0.710000	7.594220
0.715000	7.823181
0.720000	8.056611
0.725000	8.294436
0.730000	8.536565
0.735000	8.782896
0.740000	9.033314
0.745000	9.287688
0.750000	9.545874
0.755000	9.807712
0.760000	10.073027
0.765000	10.341627
0.770000	10.613307
0.775000	10.887842
0.780000	11.164993
0.785000	11.444505
0.790000	11.726103
0.795000	12.009499
0.800000	12.294387
0.805000	12.580445
0.810000	12.867333
0.815000	13.154699
0.820000	13.442172
0.825000	13.729369
0.830000	14.015891
0.835000	14.301326
0.840000	14.585249
0.845000	14.867225
0.850000	15.146805
0.855000	15.423533
0.860000	15.696943
0.865000	15.966563
0.870000	16.231915
0.875000	16.492515
0.880000	16.747878
0.885000	16.997517
0.890000	17.240945
0.895000	17.477679
0.900000	17.707237
0.905000	17.929145
0.910000	18.142936
0.915000	18.348153
0.920000	18.544349
0.925000	18.731092
0.930000	18.907964
0.935000	19.074564
0.940000	19.230509
0.945000	19.375439
0.950000	19.509012
0.955000	19.630914
0.960000	19.740854
0.965000	19.838567
0.970000	19.923817
0.975000	19.996396
0.980000	20.056127
0.985000	20.102863
0.990000	20.136489
0.995000	20.156923
1.000000	20.164113
1.005000	20.158043
1.010000	20.138728
1.015000	20.106215
1.020000	20.060587
1.025000	20.001955
1.030000	19.930465
1.035000	19.846292
1.040000	19.749641
1.045000	19.640748
1.050000	19.519874
1.055000	19.387308
1.060000	19.243366
1.065000	19.088384
1.070000	18.922724
1.075000	18.746766
1.080000	18.560909
1.085000	18.365571
1.090000	18.161182
1.095000	17.948189
1.100000	17.727047
1.105000	17.498223
1.110000	17.262190
1.115000	17.019429
1.120000	16.770423
1.125000	16.515659
1.130000	16.255622
1.135000	15.990800
1.140000	15.721673
1.145000	15.448721
1.150000	15.172417
1.155000	14.893226
1.160000	14.611605
1.165000	14.328002
1.170000	14.042854
1.175000	13.756585
1.180000	13.469609
1.185000	13.182324
1.190000	12.895115
1.195000	12.608353
1.200000	12.322392
1.205000	12.037572
1.210000	11.754215
1.215000	11.472629
1.220000	11.193104
1.225000	10.915913
1.230000	10.641314
1.235000	10.369547
1.240000	10.100837
1.245000	9.835391
1.250000	9.573401
1.255000	9.315044
1.260000	9.060481
1.265000	8.809856
1.270000	8.563302
1.275000	8.320934
1.280000	8.082857
1.285000	7.849160
1.290000	7.619919
1.295000	7.395202
1.300000	7.175059
1.305000	6.959534
1.310000	6.748658
1.315000	6.542452
1.320000	6.340928
1.325000	6.144090
1.330000	5.951931
1.335000	5.764439
1.340000	5.581592
1.345000	5.403363
1.350000	5.229718
1.355000	5.060617
1.360000	4.896015
1.365000	4.735862
1.370000	4.580102
1.375000	4.428677
1.380000	4.281524
1.385000	4.138578
1.390000	3.999769
1.395000	3.865027
1.400000	3.734277
1.405000	3.607444
1.410000	3.484451
1.415000	3.365219
1.420000	3.249668
1.425000	3.137718
1.430000	3.029288
1.435000	2.924296
1.440000	2.822660
1.445000	2.724299
1.450000	2.629131
1.455000	2.537074
1.460000	2.448048
1.465000	2.361972
1.470000	2.278767
1.475000	2.198355
1.480000	2.120656
1.485000	2.045595
1.490000	1.973097
1.495000	1.903085
1.500000	1.835487
1.505000	1.770232
1.510000	1.707247
1.515000	1.646465
1.520000	1.587817
1.525000	1.531236
1.530000	1.476658
1.535000	1.424019
1.540000	1.373257
1.545000	1.324311
1.550000	1.277122
1.555000	1.231633
1.560000	1.187787
1.565000	1.145531
1.570000	1.104810
1.575000	1.065573
1.580000	1.027770
1.585000	0.991352
1.590000	0.956271
1.595000	0.922482
1.600000	0.889939
1.605000	0.858601
1.610000	0.828424
1.615000	0.799368
1.620000	0.771393
1.625000	0.744462
1.630000	0.718537
1.635000	0.693582
1.640000	0.669564
1.645000	0.646449
1.650000	0.624203
1.655000	0.602797
1.660000	0.582200
1.665000	0.562382
1.670000	0.543315
1.675000	0.524973
1.680000	0.507329
1.685000	0.490358
1.690000	0.474035
1.695000	0.458336
1.700000	0.443240
1.705000	0.428723
1.710000	0.414766
1.715000	0.401347
1.720000	0.388446
1.725000	0.376046
1.730000	0.364128
1.735000	0.352674
1.740000	0.341667
1.745000	0.331091
1.750000	0.320931
1.755000	0.311172
1.760000	0.301799
1.765000	0.292798
1.770000	0.284155
1.775000	0.275859
1.780000	0.267896
1.785000	0.260256
1.790000	0.252925
1.795000	0.245894
1.800000	0.239153
1.805000	0.232690
1.810000	0.226497
1.815000	0.220563
1.820000	0.214881
1.825000	0.209442
1.830000	0.204237
1.835000	0.199259
1.840000	0.194501
1.845000	0.189955
1.850000	0.185615
1.855000	0.181473
1.860000	0.177524
1.865000	0.173763
1.870000	0.170182
1.875000	0.166778
1.880000	0.163545
1.885000	0.160477
1.890000	0.157571
1.895000	0.154823
1.900000	0.152227
1.905000	0.149780
1.910000	0.147479
1.915000	0.145320
1.920000	0.143300
1.925000	0.141416
1.930000	0.139665
1.935000	0.138044
1.940000	0.136552
1.945000	0.135185
1.950000	0.133942
1.955000	0.132821
1.960000	0.131820
1.965000	0.130939
1.970000	0.130174
1.975000	0.129526
1.980000	0.128994
1.985000	0.128576
1.990000	0.128272
1.995000	0.128082
