0.000000	0.272097
0.005000	0.272117
0.010000	0.272232
0.015000	0.272444
0.020000	0.272752
0.025000	0.273155
0.030000	0.273656
0.035000	0.274253
0.040000	0.274948
0.045000	0.275741
0.050000	0.276632
0.055000	0.277623
0.060000	0.278713
0.065000	0.279904
0.070000	0.281197
0.075000	0.282592
0.080000	0.284091
0.085000	0.285695
0.090000	0.287404
0.095000	0.289221
0.100000	0.291146
0.105000	0.293180
0.110000	0.295326
0.115000	0.297585
0.120000	0.299959
0.125000	0.302448
0.130000	0.305056
0.135000	0.307783
0.140000	0.310633
0.145000	0.313606
0.150000	0.316705
0.155000	0.319933
0.160000	0.323291
0.165000	0.326782
0.170000	0.330408
0.175000	0.334173
0.180000	0.338078
0.185000	0.342126
0.190000	0.346321
0.195000	0.350665
0.200000	0.355161
0.205000	0.359812
0.210000	0.364622
0.215000	0.369593
0.220000	0.374730
0.225000	0.380036
0.230000	0.385514
0.235000	0.391168
0.240000	0.397002
0.245000	0.403019
0.250000	0.409225
0.255000	0.415622
0.260000	0.422216
0.265000	0.429010
0.270000	0.436009
0.275000	0.443218
0.280000	0.450641
0.285000	0.458282
0.290000	0.466148
0.295000	0.474242
0.300000	0.482570
0.305000	0.491137
0.310000	0.499948
0.315000	0.509008
0.320000	0.518324
0.325000	0.527901
0.330000	0.537744
0.335000	0.547859
0.340000	0.558253
0.345000	0.568930
0.350000	0.579898
0.355000	0.591162
0.360000	0.602728
0.365000	0.614604
0.370000	0.626795
0.375000	0.639309
0.380000	0.652151
0.385000	0.665328
0.390000	0.678847
0.395000	0.692715
0.400000	0.706939
0.405000	0.721525
0.410000	0.736481
0.415000	0.751814
0.420000	0.767531
0.425000	0.783638
0.430000	0.800143
0.435000	0.817053
0.440000	0.834375
0.445000	0.852117
0.450000	0.870285
0.455000	0.888886
0.460000	0.907927
0.465000	0.927416
0.470000	0.947359
0.475000	0.967763
0.480000	0.988635
0.485000	1.009981
0.490000	1.031808
0.495000	1.054123
0.500000	1.076930
0.505000	1.100238
0.510000	1.124051
0.515000	1.148375
0.520000	1.173215
0.525000	1.198577
0.530000	1.224465
0.535000	1.250885
0.540000	1.277840
0.545000	1.305335
0.550000	1.333372
0.555000	1.361956
0.560000	1.391089
0.565000	1.420774
0.570000	1.451011
0.575000	1.481804
0.580000	1.513153
0.585000	1.545058
0.590000	1.577519
0.595000	1.610535
0.600000	1.644105
0.605000	1.678227
0.610000	1.712898
0.615000	1.748114
0.620000	1.783873
0.625000	1.820167
0.630000	1.856993
0.635000	1.894343
0.640000	1.932209
0.645000	1.970584
0.650000	2.009458
0.655000	2.048822
0.660000	2.088663
0.665000	2.128970
0.670000	2.169730
0.675000	2.210928
0.680000	2.252550
0.685000	2.294579
0.690000	2.336997
0.695000	2.379787
0.700000	2.422928
0.705000	2.466401
0.710000	2.510182
0.715000	2.554249
0.720000	2.598578
0.725000	2.643144
0.730000	2.687920
0.735000	2.732878
0.740000	2.777990
0.745000	2.823226
0.750000	2.868554
0.755000	2.913943
0.760000	2.959359
0.765000	3.004768
0.770000	3.050135
0.775000	3.095424
0.780000	3.140597
0.785000	3.185616
0.790000	3.230443
0.795000	3.275037
0.800000	3.319357
0.805000	3.363363
0.810000	3.407012
0.815000	3.450262
0.820000	3.493070
0.825000	3.535392
0.830000	3.577185
0.835000	3.618403
0.840000	3.659003
0.845000	3.698941
0.850000	3.738171
0.855000	3.776648
0.860000	3.814330
0.865000	3.851171
0.870000	3.887128
0.875000	3.922158
0.880000	3.956217
0.885000	3.989263
0.890000	4.021256
0.895000	4.052154
0.900000	4.081917
0.905000	4.110508
0.910000	4.137888
0.915000	4.164021
0.920000	4.188873
0.925000	4.212410
0.930000	4.234599
0.935000	4.255412
0.940000	4.274818
0.945000	4.292791
0.950000	4.309306
0.955000	4.324339
0.960000	4.337870
0.965000	4.349880
0.970000	4.360350
0.975000	4.369267
0.980000	4.376617
0.985000	4.382390
0.990000	4.386579
0.995000	4.389175
1.000000	4.390177
1.005000	4.389583
1.010000	4.387393
1.015000	4.383612
1.020000	4.378243
1.025000	4.371296
1.030000	4.362780
1.035000	4.352707
1.040000	4.341093
1.045000	4.327953
1.050000	4.313307
1.055000	4.297175
1.060000	4.279580
1.065000	4.260547
1.070000	4.240102
1.075000	4.218274
1.080000	4.195092
1.085000	4.170589
1.090000	4.144797
1.095000	4.117751
1.100000	4.089488
1.105000	4.060043
1.110000	4.029456
1.115000	3.997766
1.120000	3.965014
1.125000	3.931240
1.130000	3.896487
1.135000	3.860797
1.140000	3.824214
1.145000	3.786781
1.150000	3.748542
1.155000	3.709541
1.160000	3.669824
1.165000	3.629433
1.170000	3.588415
1.175000	3.546813
1.180000	3.504671
1.185000	3.462034
1.190000	3.418945
1.195000	3.375446
1.200000	3.331582
1.205000	3.287393
1.210000	3.242921
1.215000	3.198207
1.220000	3.153290
1.225000	3.108210
1.230000	3.063006
1.235000	3.017714
1.240000	2.972371
1.245000	2.927012
1.250000	2.881672
1.255000	2.836384
1.260000	2.791181
1.265000	2.746093
1.270000	2.701150
1.275000	2.656383
1.280000	2.611818
1.285000	2.567482
1.290000	2.523401
1.295000	2.479599
1.300000	2.436099
1.305000	2.392924
1.310000	2.350094
1.315000	2.307629
1.320000	2.265549
1.325000	2.223869
1.330000	2.182608
1.335000	2.141780
1.340000	2.101400
1.345000	2.061481
1.350000	2.022035
1.355000	1.983074
1.360000	1.944608
1.365000	1.906647
1.370000	1.869199
1.375000	1.832271
1.380000	1.795871
1.385000	1.760004
1.390000	1.724676
1.395000	1.689891
1.400000	1.655653
1.405000	1.621964
1.410000	1.588826
1.415000	1.556242
1.420000	1.524212
1.425000	1.492737
1.430000	1.461815
1.435000	1.431448
1.440000	1.401632
1.445000	1.372367
1.450000	1.343650
1.455000	1.315478
1.460000	1.287849
1.465000	1.260759
1.470000	1.234203
1.475000	1.208178
1.480000	1.182680
1.485000	1.157703
1.490000	1.133243
1.495000	1.109293
1.500000	1.085849
1.505000	1.062905
1.510000	1.040455
1.515000	1.018492
1.520000	0.997010
1.525000	0.976004
1.530000	0.955466
1.535000	0.935389
1.540000	0.915768
1.545000	0.896594
1.550000	0.877862
1.555000	0.859564
1.560000	0.841693
1.565000	0.824243
1.570000	0.807205
1.575000	0.790573
1.580000	0.774341
1.585000	0.758500
1.590000	0.743044
1.595000	0.727966
1.600000	0.713258
1.605000	0.698915
1.610000	0.684928
1.615000	0.671292
1.620000	0.657999
1.625000	0.645042
1.630000	0.632415
1.635000	0.620112
1.640000	0.608125
1.645000	0.596448
1.650000	0.585076
1.655000	0.574001
1.660000	0.563218
1.665000	0.552720
1.670000	0.542501
1.675000	0.532556
1.680000	0.522878
1.685000	0.513463
1.690000	0.504304
1.695000	0.495396
1.700000	0.486733
1.705000	0.478310
1.710000	0.470123
1.715000	0.462165
1.720000	0.454433
1.725000	0.446920
1.730000	0.439623
1.735000	0.432536
1.740000	0.425655
1.745000	0.418976
1.750000	0.412494
1.755000	0.406206
1.760000	0.400106
1.765000	0.394191
1.770000	0.388457
1.775000	0.382900
1.780000	0.377516
1.785000	0.372302
1.790000	0.367254
1.795000	0.362369
1.800000	0.357643
1.805000	0.353074
1.810000	0.348658
1.815000	0.344391
1.820000	0.340272
1.825000	0.336297
1.830000	0.332463
1.835000	0.328768
1.840000	0.325209
1.845000	0.321784
1.850000	0.318490
1.855000	0.315324
1.860000	0.312286
1.865000	0.309372
1.870000	0.306581
1.875000	0.303910
1.880000	0.301357
1.885000	0.298922
1.890000	0.296601
1.895000	0.294394
1.900000	0.292298
1.905000	0.290313
1.910000	0.288436
1.915000	0.286667
1.920000	0.285005
1.925000	0.283447
1.930000	0.281993
1.935000	0.280642
1.940000	0.279393
1.945000	0.278245
1.950000	0.277197
1.955000	0.276249
1.960000	0.275399
1.965000	0.274648
1.970000	0.273993
1.975000	0.273437
1.980000	0.272976
1.985000	0.272612
1.990000	0.272345
1.995000	0.272173
