0.000000	0.000000
0.005000	0.001703
0.010000	0.003407
0.015000	0.005110
0.020000	0.006814
0.025000	0.008519
0.030000	0.010224
0.035000	0.011930
0.040000	0.013636
0.045000	0.015344
0.050000	0.017053
0.055000	0.018763
0.060000	0.020475
0.065000	0.022189
0.070000	0.023904
0.075000	0.025621
0.080000	0.027340
0.085000	0.029062
0.090000	0.030786
0.095000	0.032512
0.100000	0.034241
0.105000	0.035973
0.110000	0.037708
0.115000	0.039446
0.120000	0.041188
0.125000	0.042933
0.130000	0.044681
0.135000	0.046433
0.140000	0.048189
0.145000	0.049949
0.150000	0.051713
0.155000	0.053481
0.160000	0.055254
0.165000	0.057031
0.170000	0.058814
0.175000	0.060601
0.180000	0.062393
0.185000	0.064190
0.190000	0.065993
0.195000	0.067801
0.200000	0.069614
0.205000	0.071434
0.210000	0.073259
0.215000	0.075091
0.220000	0.076929
0.225000	0.078773
0.230000	0.080623
0.235000	0.082481
0.240000	0.084345
0.245000	0.086216
0.250000	0.088094
0.255000	0.089979
0.260000	0.091872
0.265000	0.093772
0.270000	0.095680
0.275000	0.097596
0.280000	0.099520
0.285000	0.101451
0.290000	0.103391
0.295000	0.105340
0.300000	0.107297
0.305000	0.109263
0.310000	0.111237
0.315000	0.113221
0.320000	0.115213
0.325000	0.117215
0.330000	0.119226
0.335000	0.121247
0.340000	0.123277
0.345000	0.125317
0.350000	0.127367
0.355000	0.129427
0.360000	0.131497
0.365000	0.133578
0.370000	0.135669
0.375000	0.137771
0.380000	0.139883
0.385000	0.142006
0.390000	0.144140
0.395000	0.146286
0.400000	0.148442
0.405000	0.150610
0.410000	0.152789
0.415000	0.154980
0.420000	0.157182
0.425000	0.159397
0.430000	0.161623
0.435000	0.163861
0.440000	0.166112
0.445000	0.168375
0.450000	0.170650
0.455000	0.172938
0.460000	0.175238
0.465000	0.177551
0.470000	0.179877
0.475000	0.182215
0.480000	0.184567
0.485000	0.186932
0.490000	0.189309
0.495000	0.191701
0.500000	0.194105
0.505000	0.196523
0.510000	0.198955
0.515000	0.201400
0.520000	0.203858
0.525000	0.206331
0.530000	0.208817
0.535000	0.211318
0.540000	0.213832
0.545000	0.216360
0.550000	0.218902
0.555000	0.221458
0.560000	0.224029
0.565000	0.226614
0.570000	0.229213
0.575000	0.231826
0.580000	0.234454
0.585000	0.237095
0.590000	0.239752
0.595000	0.242423
0.600000	0.245108
0.605000	0.247808
0.610000	0.250522
0.615000	0.253250
0.620000	0.255993
0.625000	0.258751
0.630000	0.261523
0.635000	0.264309
0.640000	0.267110
0.645000	0.269926
0.650000	0.272755
0.655000	0.275600
0.660000	0.278458
0.665000	0.281331
0.670000	0.284218
0.675000	0.287119
0.680000	0.290034
0.685000	0.292964
0.690000	0.295907
0.695000	0.298865
0.700000	0.301836
0.705000	0.304821
0.710000	0.307820
0.715000	0.310832
0.720000	0.313858
0.725000	0.316898
0.730000	0.319951
0.735000	0.323017
0.740000	0.326096
0.745000	0.329188
0.750000	0.332292
0.755000	0.335410
0.760000	0.338540
0.765000	0.341683
0.770000	0.344837
0.775000	0.348004
0.780000	0.351183
0.785000	0.354374
0.790000	0.357576
0.795000	0.360790
0.800000	0.364015
0.805000	0.367251
0.810000	0.370498
0.815000	0.373755
0.820000	0.377024
0.825000	0.380302
0.830000	0.383590
0.835000	0.386888
0.840000	0.390196
0.845000	0.393513
0.850000	0.396840
0.855000	0.400175
0.860000	0.403519
0.865000	0.406871
0.870000	0.410231
0.875000	0.413600
0.880000	0.416976
0.885000	0.420359
0.890000	0.423750
0.895000	0.427147
0.900000	0.430551
0.905000	0.433961
0.910000	0.437377
0.915000	0.440799
0.920000	0.444226
0.925000	0.447659
0.930000	0.451096
0.935000	0.454538
0.940000	0.457984
0.945000	0.461435
0.950000	0.464888
0.955000	0.468345
0.960000	0.471806
0.965000	0.475269
0.970000	0.478734
0.975000	0.482201
0.980000	0.485670
0.985000	0.489141
0.990000	0.492613
0.995000	0.496086
1.000000	0.499559
1.005000	0.503032
1.010000	0.506506
1.015000	0.509979
1.020000	0.513451
1.025000	0.516922
1.030000	0.520392
1.035000	0.523860
1.040000	0.527326
1.045000	0.530790
1.050000	0.534251
1.055000	0.537710
1.060000	0.541165
1.065000	0.544616
1.070000	0.548064
1.075000	0.551508
1.080000	0.554947
1.085000	0.558381
1.090000	0.561811
1.095000	0.565235
1.100000	0.568653
1.105000	0.572065
1.110000	0.575472
1.115000	0.578872
1.120000	0.582265
1.125000	0.585651
1.130000	0.589030
1.135000	0.592401
1.140000	0.595765
1.145000	0.599120
1.150000	0.602467
1.155000	0.605806
1.160000	0.609136
1.165000	0.612456
1.170000	0.615768
1.175000	0.619070
1.180000	0.622362
1.185000	0.625644
1.190000	0.628916
1.195000	0.632178
1.200000	0.635429
1.205000	0.638670
1.210000	0.641899
1.215000	0.645117
1.220000	0.648324
1.225000	0.651519
1.230000	0.654703
1.235000	0.657875
1.240000	0.661034
1.245000	0.664182
1.250000	0.667317
1.255000	0.670440
1.260000	0.673550
1.265000	0.676647
1.270000	0.679731
1.275000	0.682803
1.280000	0.685861
1.285000	0.688906
1.290000	0.691937
1.295000	0.694955
1.300000	0.697960
1.305000	0.700950
1.310000	0.703927
1.315000	0.706891
1.320000	0.709840
1.325000	0.712775
1.330000	0.715697
1.335000	0.718604
1.340000	0.721497
1.345000	0.724376
1.350000	0.727240
1.355000	0.730090
1.360000	0.732926
1.365000	0.735748
1.370000	0.738555
1.375000	0.741348
1.380000	0.744126
1.385000	0.746890
1.390000	0.749639
1.395000	0.752374
1.400000	0.755094
1.405000	0.757800
1.410000	0.760492
1.415000	0.763169
1.420000	0.765832
1.425000	0.768480
1.430000	0.771114
1.435000	0.773734
1.440000	0.776339
1.445000	0.778931
1.450000	0.781508
1.455000	0.784070
1.460000	0.786619
1.465000	0.789154
1.470000	0.791674
1.475000	0.794181
1.480000	0.796673
1.485000	0.799152
1.490000	0.801617
1.495000	0.804069
1.500000	0.806507
1.505000	0.808931
1.510000	0.811342
1.515000	0.813739
1.520000	0.816124
1.525000	0.818495
1.530000	0.820852
1.535000	0.823197
1.540000	0.825529
1.545000	0.827848
1.550000	0.830155
1.555000	0.832449
1.560000	0.834730
1.565000	0.836999
1.570000	0.839255
1.575000	0.841499
1.580000	0.843732
1.585000	0.845952
1.590000	0.848160
1.595000	0.850357
1.600000	0.852542
1.605000	0.854716
1.610000	0.856878
1.615000	0.859029
1.620000	0.861168
1.625000	0.863297
1.630000	0.865415
1.635000	0.867522
1.640000	0.869618
1.645000	0.871704
1.650000	0.873780
1.655000	0.875845
1.660000	0.877900
1.665000	0.879946
1.670000	0.881981
1.675000	0.884007
1.680000	0.886023
1.685000	0.888030
1.690000	0.890027
1.695000	0.892015
1.700000	0.893995
1.705000	0.895965
1.710000	0.897927
1.715000	0.899880
1.720000	0.901824
1.725000	0.903760
1.730000	0.905688
1.735000	0.907608
1.740000	0.909521
1.745000	0.911425
1.750000	0.913322
1.755000	0.915211
1.760000	0.917093
1.765000	0.918968
1.770000	0.920836
1.775000	0.922697
1.780000	0.924551
1.785000	0.926399
1.790000	0.928240
1.795000	0.930075
1.800000	0.931904
1.805000	0.933727
1.810000	0.935544
1.815000	0.937355
1.820000	0.939161
1.825000	0.940961
1.830000	0.942756
1.835000	0.944546
1.840000	0.946331
1.845000	0.948111
1.850000	0.949886
1.855000	0.951657
1.860000	0.953424
1.865000	0.955186
1.870000	0.956944
1.875000	0.958698
1.880000	0.960449
1.885000	0.962196
1.890000	0.963939
1.895000	0.965679
1.900000	0.967416
1.905000	0.969149
1.910000	0.970880
1.915000	0.972608
1.920000	0.974333
1.925000	0.976056
1.930000	0.977777
1.935000	0.979495
1.940000	0.981212
1.945000	0.982926
1.950000	0.984639
1.955000	0.986350
1.960000	0.988060
1.965000	0.989768
1.970000	0.991476
1.975000	0.993182
1.980000	0.994887
1.985000	0.996592
1.990000	0.998296
1.995000	1.000000
