0.000000	9.233041	7.702771
0.010000	9.233089	7.702751
0.020000	9.233378	7.702630
0.030000	9.233908	7.702409
0.040000	9.234681	7.702087
0.050000	9.235695	7.701664
0.060000	9.236951	7.701140
0.070000	9.238449	7.700516
0.080000	9.240189	7.699791
0.090000	9.242171	7.698965
0.100000	9.244396	7.698039
0.110000	9.246864	7.697011
0.120000	9.249574	7.695884
0.130000	9.252528	7.694655
0.140000	9.255724	7.693326
0.150000	9.259165	7.691897
0.160000	9.262850	7.690367
0.170000	9.266779	7.688736
0.180000	9.270953	7.687005
0.190000	9.275372	7.685174
0.200000	9.280037	7.683242
0.210000	9.284948	7.681210
0.220000	9.290105	7.679078
0.230000	9.295509	7.676845
0.240000	9.301160	7.674512
0.250000	9.307060	7.672080
0.260000	9.313208	7.669547
0.270000	9.319605	7.666914
0.280000	9.326252	7.664182
0.290000	9.333149	7.661349
0.300000	9.340297	7.658417
0.310000	9.347697	7.655385
0.320000	9.355349	7.652254
0.330000	9.363254	7.649023
0.340000	9.371413	7.645692
0.350000	9.379826	7.642263
0.360000	9.388495	7.638734
0.370000	9.397420	7.635106
0.380000	9.406601	7.631378
0.390000	9.416041	7.627552
0.400000	9.425739	7.623627
0.410000	9.435697	7.619603
0.420000	9.445915	7.615481
0.430000	9.456395	7.611260
0.440000	9.467136	7.606941
0.450000	9.478142	7.602523
0.460000	9.489412	7.598007
0.470000	9.500947	7.593394
0.480000	9.512748	7.588682
0.490000	9.524818	7.583872
0.500000	9.537156	7.578965
0.510000	9.549764	7.573961
0.520000	9.562642	7.568859
0.530000	9.575793	7.563660
0.540000	9.589218	7.558363
0.550000	9.602917	7.552970
0.560000	9.616892	7.547480
0.570000	9.631144	7.541894
0.580000	9.645675	7.536211
0.590000	9.660485	7.530432
0.600000	9.675576	7.524557
0.610000	9.690951	7.518586
0.620000	9.706609	7.512519
0.630000	9.722552	7.506357
0.640000	9.738782	7.500100
0.650000	9.755300	7.493747
0.660000	9.772109	7.487300
0.670000	9.789208	7.480757
0.680000	9.806601	7.474121
0.690000	9.824288	7.467390
0.700000	9.842270	7.460565
0.710000	9.860551	7.453646
0.720000	9.879131	7.446634
0.730000	9.898011	7.439528
0.740000	9.917195	7.432329
0.750000	9.936683	7.425037
0.760000	9.956477	7.417653
0.770000	9.976578	7.410176
0.780000	9.996990	7.402608
0.790000	10.017713	7.394947
0.800000	10.038749	7.387195
0.810000	10.060100	7.379352
0.820000	10.081769	7.371417
0.830000	10.103756	7.363392
0.840000	10.126065	7.355277
0.850000	10.148696	7.347071
0.860000	10.171652	7.338776
0.870000	10.194935	7.330391
0.880000	10.218547	7.321917
0.890000	10.242489	7.313354
0.900000	10.266765	7.304703
0.910000	10.291376	7.295963
0.920000	10.316324	7.287136
0.930000	10.341611	7.278221
0.940000	10.367239	7.269220
0.950000	10.393212	7.260131
0.960000	10.419530	7.250957
0.970000	10.446196	7.241696
0.980000	10.473212	7.232350
0.990000	10.500581	7.222918
1.000000	10.528305	7.213402
1.010000	10.556386	7.203801
1.020000	10.584826	7.194117
1.030000	10.613628	7.184349
1.040000	10.642794	7.174498
1.050000	10.672326	7.164565
1.060000	10.702228	7.154549
1.070000	10.732500	7.144452
1.080000	10.763147	7.134273
1.090000	10.794169	7.124014
1.100000	10.825570	7.113674
1.110000	10.857352	7.103255
1.120000	10.889517	7.092757
1.130000	10.922068	7.082179
1.140000	10.955008	7.071524
1.150000	10.988338	7.060791
1.160000	11.022062	7.049981
1.170000	11.056182	7.039094
1.180000	11.090701	7.028131
1.190000	11.125620	7.017093
1.200000	11.160943	7.005980
1.210000	11.196673	6.994793
1.220000	11.232810	6.983532
1.230000	11.269360	6.972198
1.240000	11.306323	6.960792
1.250000	11.343702	6.949314
1.260000	11.381500	6.937765
1.270000	11.419720	6.926146
1.280000	11.458364	6.914457
1.290000	11.497434	6.902698
1.300000	11.536934	6.890872
1.310000	11.576865	6.878977
1.320000	11.617230	6.867016
1.330000	11.658032	6.854989
1.340000	11.699274	6.842896
1.350000	11.740957	6.830738
1.360000	11.783084	6.818516
1.370000	11.825658	6.806231
1.380000	11.868681	6.793884
1.390000	11.912156	6.781475
1.400000	11.956084	6.769006
1.410000	12.000469	6.756476
1.420000	12.045313	6.743887
1.430000	12.090617	6.731241
1.440000	12.136385	6.718537
1.450000	12.182619	6.705776
1.460000	12.229320	6.692960
1.470000	12.276490	6.680089
1.480000	12.324133	6.667164
1.490000	12.372250	6.654187
1.500000	12.420844	6.641158
1.510000	12.469915	6.628078
1.520000	12.519466	6.614948
1.530000	12.569500	6.601770
1.540000	12.620017	6.588543
1.550000	12.671020	6.575270
1.560000	12.722510	6.561951
1.570000	12.774488	6.548587
1.580000	12.826957	6.535180
1.590000	12.879918	6.521730
1.600000	12.933373	6.508239
1.610000	12.987322	6.494707
1.620000	13.041766	6.481136
1.630000	13.096708	6.467528
1.640000	13.152147	6.453882
1.650000	13.208086	6.440201
1.660000	13.264524	6.426485
1.670000	13.321462	6.412737
1.680000	13.378902	6.398956
1.690000	13.436843	6.385145
1.700000	13.495286	6.371304
1.710000	13.554231	6.357435
1.720000	13.613678	6.343539
1.730000	13.673627	6.329618
1.740000	13.734079	6.315672
1.750000	13.795032	6.301704
1.760000	13.856487	6.287714
1.770000	13.918442	6.273704
1.780000	13.980896	6.259676
1.790000	14.043850	6.245630
1.800000	14.107301	6.231569
1.810000	14.171249	6.217493
1.820000	14.235692	6.203404
1.830000	14.300628	6.189304
1.840000	14.366055	6.175194
1.850000	14.431971	6.161076
1.860000	14.498374	6.146950
1.870000	14.565261	6.132820
1.880000	14.632630	6.118686
1.890000	14.700478	6.104550
1.900000	14.768801	6.090413
1.910000	14.837596	6.076277
1.920000	14.906859	6.062145
1.930000	14.976586	6.048016
1.940000	15.046773	6.033894
1.950000	15.117416	6.019779
1.960000	15.188509	6.005674
1.970000	15.260049	5.991581
1.980000	15.332028	5.977500
1.990000	15.404442	5.963433
2.000000	15.477285	5.949384
2.010000	15.550551	5.935352
2.020000	15.624232	5.921340
2.030000	15.698323	5.907350
2.040000	15.772815	5.893384
2.050000	15.847701	5.879443
2.060000	15.922974	5.865530
2.070000	15.998625	5.851646
2.080000	16.074646	5.837793
2.090000	16.151027	5.823972
2.100000	16.227759	5.810187
2.110000	16.304832	5.796438
2.120000	16.382238	5.782728
2.130000	16.459964	5.769058
2.140000	16.538000	5.755431
2.150000	16.616335	5.741849
2.160000	16.694957	5.728313
2.170000	16.773854	5.714825
2.180000	16.853014	5.701388
2.190000	16.932424	5.688003
2.200000	17.012070	5.674672
2.210000	17.091938	5.661398
2.220000	17.172016	5.648182
2.230000	17.252287	5.635027
2.240000	17.332737	5.621935
2.250000	17.413351	5.608906
2.260000	17.494112	5.595945
2.270000	17.575005	5.583052
2.280000	17.656012	5.570229
2.290000	17.737116	5.557479
2.300000	17.818300	5.544804
2.310000	17.899545	5.532206
2.320000	17.980833	5.519687
2.330000	18.062145	5.507249
2.340000	18.143462	5.494894
2.350000	18.224763	5.482623
2.360000	18.306029	5.470440
2.370000	18.387238	5.458347
2.380000	18.468370	5.446344
2.390000	18.549402	5.434435
2.400000	18.630314	5.422621
2.410000	18.711082	5.410905
2.420000	18.791683	5.399288
2.430000	18.872095	5.387773
2.440000	18.952293	5.376362
2.450000	19.032254	5.365056
2.460000	19.111954	5.353858
2.470000	19.191366	5.342769
2.480000	19.270468	5.331792
2.490000	19.349232	5.320929
2.500000	19.427633	5.310182
2.510000	19.505646	5.299552
2.520000	19.583243	5.289042
2.530000	19.660398	5.278654
2.540000	19.737083	5.268389
2.550000	19.813273	5.258250
2.560000	19.888938	5.248239
2.570000	19.964051	5.238356
2.580000	20.038585	5.228605
2.590000	20.112511	5.218987
2.600000	20.185801	5.209504
2.610000	20.258425	5.200158
2.620000	20.330357	5.190950
2.630000	20.401566	5.181883
2.640000	20.472024	5.172958
2.650000	20.541703	5.164177
2.660000	20.610572	5.155542
2.670000	20.678604	5.147054
2.680000	20.745768	5.138716
2.690000	20.812036	5.130528
2.700000	20.877380	5.122493
2.710000	20.941770	5.114612
2.720000	21.005177	5.106886
2.730000	21.067573	5.099318
2.740000	21.128930	5.091909
2.750000	21.189218	5.084660
2.760000	21.248410	5.077573
2.770000	21.306478	5.070649
2.780000	21.363395	5.063890
2.790000	21.419133	5.057296
2.800000	21.473665	5.050871
2.810000	21.526964	5.044614
2.820000	21.579005	5.038528
2.830000	21.629761	5.032613
2.840000	21.679206	5.026870
2.850000	21.727317	5.021302
2.860000	21.774067	5.015908
2.870000	21.819435	5.010691
2.880000	21.863395	5.005651
2.890000	21.905925	5.000789
2.900000	21.947003	4.996107
2.910000	21.986608	4.991605
2.920000	22.024717	4.987285
2.930000	22.061312	4.983147
2.940000	22.096371	4.979192
2.950000	22.129877	4.975421
2.960000	22.161812	4.971835
2.970000	22.192157	4.968435
2.980000	22.220896	4.965221
2.990000	22.248014	4.962194
3.000000	22.273495	4.959355
3.010000	22.297325	4.956704
3.020000	22.319492	4.954242
3.030000	22.339983	4.951969
3.040000	22.358786	4.949887
3.050000	22.375890	4.947994
3.060000	22.391287	4.946293
3.070000	22.404968	4.944783
3.080000	22.416924	4.943464
3.090000	22.427150	4.942337
3.100000	22.435639	4.941401
3.110000	22.442386	4.940659
3.120000	22.447388	4.940108
3.130000	22.450642	4.939750
3.140000	22.452147	4.939585
3.150000	22.451900	4.939612
3.160000	22.449903	4.939831
3.170000	22.446157	4.940244
3.180000	22.440663	4.940848
3.190000	22.433426	4.941645
3.200000	22.424448	4.942634
3.210000	22.413736	4.943815
3.220000	22.401295	4.945188
3.230000	22.387133	4.946752
3.240000	22.371257	4.948507
3.250000	22.353677	4.950452
3.260000	22.334402	4.952588
3.270000	22.313443	4.954913
3.280000	22.290813	4.957428
3.290000	22.266523	4.960131
3.300000	22.240587	4.963022
3.310000	22.213020	4.966101
3.320000	22.183837	4.969367
3.330000	22.153054	4.972818
3.340000	22.120687	4.976455
3.350000	22.086755	4.980276
3.360000	22.051276	4.984281
3.370000	22.014269	4.988468
3.380000	21.975753	4.992838
3.390000	21.935751	4.997388
3.400000	21.894281	5.002119
3.410000	21.851367	5.007028
3.420000	21.807031	5.012116
3.430000	21.761296	5.017380
3.440000	21.714186	5.022820
3.450000	21.665724	5.028434
3.460000	21.615936	5.034222
3.470000	21.564846	5.040182
3.480000	21.512480	5.046312
3.490000	21.458865	5.052612
3.500000	21.404025	5.059081
3.510000	21.347989	5.065716
3.520000	21.290784	5.072517
3.530000	21.232436	5.079482
3.540000	21.172973	5.086610
3.550000	21.112423	5.093899
3.560000	21.050815	5.101347
3.570000	20.988177	5.108954
3.580000	20.924537	5.116717
3.590000	20.859925	5.124636
3.600000	20.794368	5.132707
3.610000	20.727895	5.140931
3.620000	20.660536	5.149304
3.630000	20.592320	5.157826
3.640000	20.523275	5.166495
3.650000	20.453431	5.175309
3.660000	20.382816	5.184266
3.670000	20.311459	5.193364
3.680000	20.239390	5.202603
3.690000	20.166636	5.211979
3.700000	20.093226	5.221491
3.710000	20.019190	5.231137
3.720000	19.944554	5.240916
3.730000	19.869348	5.250825
3.740000	19.793598	5.260863
3.750000	19.717333	5.271027
3.760000	19.640580	5.281317
3.770000	19.563367	5.291729
3.780000	19.485719	5.302261
3.790000	19.407664	5.312913
3.800000	19.329228	5.323682
3.810000	19.250437	5.334566
3.820000	19.171317	5.345562
3.830000	19.091893	5.356670
3.840000	19.012189	5.367886
3.850000	18.932231	5.379209
3.860000	18.852043	5.390638
3.870000	18.771649	5.402169
3.880000	18.691071	5.413801
3.890000	18.610334	5.425531
3.900000	18.529459	5.437359
3.910000	18.448470	5.449281
3.920000	18.367387	5.461295
3.930000	18.286233	5.473401
3.940000	18.205029	5.485594
3.950000	18.123794	5.497874
3.960000	18.042549	5.510239
3.970000	17.961314	5.522685
3.980000	17.880108	5.535212
3.990000	17.798950	5.547818
4.000000	17.717858	5.560499
4.010000	17.636850	5.573254
4.020000	17.555944	5.586082
4.030000	17.475156	5.598979
4.040000	17.394504	5.611944
4.050000	17.314004	5.624975
4.060000	17.233670	5.638070
4.070000	17.153519	5.651227
4.080000	17.073566	5.664443
4.090000	16.993824	5.677718
4.100000	16.914308	5.691048
4.110000	16.835031	5.704432
4.120000	16.756008	5.717867
4.130000	16.677249	5.731353
4.140000	16.598768	5.744886
4.150000	16.520576	5.758465
4.160000	16.442686	5.772088
4.170000	16.365108	5.785753
4.180000	16.287853	5.799458
4.190000	16.210931	5.813202
4.200000	16.134352	5.826981
4.210000	16.058126	5.840795
4.220000	15.982262	5.854641
4.230000	15.906769	5.868517
4.240000	15.831655	5.882422
4.250000	15.756929	5.896354
4.260000	15.682598	5.910311
4.270000	15.608670	5.924291
4.280000	15.535151	5.938293
4.290000	15.462049	5.952314
4.300000	15.389371	5.966353
4.310000	15.317121	5.980408
4.320000	15.245307	5.994477
4.330000	15.173933	6.008558
4.340000	15.103005	6.022651
4.350000	15.032528	6.036752
4.360000	14.962507	6.050861
4.370000	14.892946	6.064976
4.380000	14.823848	6.079094
4.390000	14.755219	6.093215
4.400000	14.687062	6.107337
4.410000	14.619379	6.121458
4.420000	14.552175	6.135577
4.430000	14.485452	6.149692
4.440000	14.419213	6.163801
4.450000	14.353460	6.177903
4.460000	14.288195	6.191996
4.470000	14.223422	6.206079
4.480000	14.159140	6.220151
4.490000	14.095353	6.234209
4.500000	14.032062	6.248253
4.510000	13.969267	6.262281
4.520000	13.906970	6.276291
4.530000	13.845172	6.290283
4.540000	13.783874	6.304254
4.550000	13.723075	6.318204
4.560000	13.662778	6.332130
4.570000	13.602981	6.346033
4.580000	13.543686	6.359909
4.590000	13.484892	6.373759
4.600000	13.426598	6.387580
4.610000	13.368805	6.401372
4.620000	13.311513	6.415133
4.630000	13.254720	6.428862
4.640000	13.198427	6.442557
4.650000	13.142632	6.456218
4.660000	13.087334	6.469843
4.670000	13.032533	6.483432
4.680000	12.978228	6.496982
4.690000	12.924417	6.510493
4.700000	12.871100	6.523964
4.710000	12.818274	6.537393
4.720000	12.765939	6.550779
4.730000	12.714093	6.564122
4.740000	12.662734	6.577421
4.750000	12.611861	6.590673
4.760000	12.561472	6.603879
4.770000	12.511566	6.617036
4.780000	12.462140	6.630145
4.790000	12.413192	6.643204
4.800000	12.364722	6.656213
4.810000	12.316726	6.669169
4.820000	12.269203	6.682072
4.830000	12.222151	6.694922
4.840000	12.175566	6.707718
4.850000	12.129449	6.720457
4.860000	12.083795	6.733141
4.870000	12.038603	6.745767
4.880000	11.993871	6.758334
4.890000	11.949596	6.770843
4.900000	11.905776	6.783292
4.910000	11.862408	6.795680
4.920000	11.819491	6.808007
4.930000	11.777021	6.820271
4.940000	11.734997	6.832472
4.950000	11.693415	6.844609
4.960000	11.652274	6.856682
4.970000	11.611571	6.868689
4.980000	11.571303	6.880630
4.990000	11.531468	6.892504
5.000000	11.492064	6.904311
5.010000	11.453087	6.916049
5.020000	11.414535	6.927719
5.030000	11.376406	6.939318
5.040000	11.338698	6.950848
5.050000	11.301407	6.962306
5.060000	11.264531	6.973693
5.070000	11.228068	6.985007
5.080000	11.192015	6.996248
5.090000	11.156369	7.007416
5.100000	11.121128	7.018510
5.110000	11.086289	7.029529
5.120000	11.051851	7.040473
5.130000	11.017809	7.051341
5.140000	10.984163	7.062133
5.150000	10.950909	7.072847
5.160000	10.918044	7.083484
5.170000	10.885567	7.094043
5.180000	10.853474	7.104524
5.190000	10.821764	7.114925
5.200000	10.790434	7.125247
5.210000	10.759482	7.135488
5.220000	10.728904	7.145649
5.230000	10.698699	7.155729
5.240000	10.668864	7.165727
5.250000	10.639397	7.175644
5.260000	10.610295	7.185477
5.270000	10.581556	7.195228
5.280000	10.553179	7.204896
5.290000	10.525159	7.214480
5.300000	10.497496	7.223979
5.310000	10.470187	7.233394
5.320000	10.443229	7.242724
5.330000	10.416620	7.251969
5.340000	10.390359	7.261128
5.350000	10.364442	7.270200
5.360000	10.338869	7.279187
5.370000	10.313636	7.288086
5.380000	10.288741	7.296897
5.390000	10.264183	7.305622
5.400000	10.239959	7.314258
5.410000	10.216067	7.322806
5.420000	10.192505	7.331265
5.430000	10.169271	7.339635
5.440000	10.146363	7.347916
5.450000	10.123779	7.356107
5.460000	10.101518	7.364208
5.470000	10.079576	7.372219
5.480000	10.057953	7.380139
5.490000	10.036646	7.387969
5.500000	10.015654	7.395707
5.510000	9.994974	7.403354
5.520000	9.974605	7.410910
5.530000	9.954545	7.418373
5.540000	9.934792	7.425744
5.550000	9.915344	7.433023
5.560000	9.896201	7.440209
5.570000	9.877359	7.447302
5.580000	9.858818	7.454301
5.590000	9.840575	7.461208
5.600000	9.822629	7.468020
5.610000	9.804979	7.474739
5.620000	9.787623	7.481363
5.630000	9.770559	7.487893
5.640000	9.753786	7.494329
5.650000	9.737302	7.500670
5.660000	9.721105	7.506916
5.670000	9.705195	7.513066
5.680000	9.689570	7.519122
5.690000	9.674228	7.525081
5.700000	9.659169	7.530945
5.710000	9.644390	7.536713
5.720000	9.629890	7.542385
5.730000	9.615668	7.547961
5.740000	9.601723	7.553440
5.750000	9.588054	7.558822
5.760000	9.574658	7.564108
5.770000	9.561536	7.569297
5.780000	9.548685	7.574388
5.790000	9.536105	7.579383
5.800000	9.523795	7.584280
5.810000	9.511752	7.589079
5.820000	9.499977	7.593781
5.830000	9.488468	7.598385
5.840000	9.477224	7.602891
5.850000	9.466244	7.607299
5.860000	9.455528	7.611609
5.870000	9.445073	7.615821
5.880000	9.434879	7.619934
5.890000	9.424946	7.623948
5.900000	9.415272	7.627864
5.910000	9.405856	7.631681
5.920000	9.396697	7.635399
5.930000	9.387795	7.639018
5.940000	9.379149	7.642538
5.950000	9.370759	7.645959
5.960000	9.362622	7.649281
5.970000	9.354739	7.652503
5.980000	9.347108	7.655626
5.990000	9.339730	7.658650
6.000000	9.332603	7.661573
6.010000	9.325727	7.664397
6.020000	9.319101	7.667122
6.030000	9.312724	7.669746
6.040000	9.306597	7.672271
6.050000	9.300717	7.674695
6.060000	9.295086	7.677020
6.070000	9.289702	7.679244
6.080000	9.284564	7.681368
6.090000	9.279673	7.683393
6.100000	9.275028	7.685316
6.110000	9.270628	7.687140
6.120000	9.266473	7.688863
6.130000	9.262563	7.690486
6.140000	9.258897	7.692008
6.150000	9.255475	7.693430
6.160000	9.252297	7.694751
6.170000	9.249362	7.695972
6.180000	9.246670	7.697092
6.190000	9.244221	7.698112
6.200000	9.242014	7.699030
6.210000	9.240050	7.699849
6.220000	9.238328	7.700566
6.230000	9.236849	7.701183
6.240000	9.235611	7.701699
6.250000	9.234615	7.702114
6.260000	9.233860	7.702429
6.270000	9.233348	7.702643
