0.000000	1.000100
0.010000	1.000100
0.020000	1.000100
0.030000	1.000100
0.040000	1.000100
0.050000	1.000100
0.060000	1.000100
0.070000	1.000100
0.080000	1.000100
0.090000	1.000100
0.100000	1.000100
0.110000	1.000100
0.120000	1.000100
0.130000	1.000100
0.140000	1.000100
0.150000	1.000100
0.160000	1.000100
0.170000	1.000100
0.180000	1.000100
0.190000	1.000100
0.200000	1.000100
0.210000	1.000100
0.220000	1.000100
0.230000	1.000100
0.240000	1.000100
0.250000	1.000100
0.260000	1.000100
0.270000	1.000100
0.280000	1.000100
0.290000	1.000100
0.300000	1.000100
0.310000	1.000100
0.320000	1.000100
0.330000	1.000100
0.340000	1.000100
0.350000	1.000100
0.360000	1.000100
0.370000	1.000100
0.380000	1.000100
0.390000	1.000100
0.400000	1.000100
0.410000	1.000100
0.420000	1.000100
0.430000	1.000100
0.440000	1.000100
0.450000	1.000100
0.460000	1.000100
0.470000	1.000100
0.480000	1.000100
0.490000	1.000100
0.500000	1.000100
0.510000	1.000100
0.520000	1.000100
0.530000	1.000100
0.540000	1.000100
0.550000	1.000100
0.560000	1.000100
0.570000	1.000100
0.580000	1.000100
0.590000	1.000100
0.600000	1.000100
0.610000	1.000100
0.620000	1.000100
0.630000	1.000100
0.640000	1.000100
0.650000	1.000100
0.660000	1.000100
0.670000	1.000100
0.680000	1.000100
0.690000	1.000100
0.700000	1.000100
0.710000	1.000100
0.720000	1.000100
0.730000	1.000100
0.740000	1.000100
0.750000	1.000100
0.760000	1.000100
0.770000	1.000100
0.780000	1.000100
0.790000	1.000100
0.800000	1.000100
0.810000	1.000100
0.820000	1.000100
0.830000	1.000100
0.840000	1.000100
0.850000	1.000100
0.860000	1.000100
0.870000	1.000100
0.880000	1.000100
0.890000	1.000100
0.900000	1.000100
0.910000	1.000100
0.920000	1.000100
0.930000	1.000100
0.940000	1.000100
0.950000	1.000100
0.960000	1.000100
0.970000	1.000100
0.980000	1.000100
0.990000	1.000100
1.000000	1.000100
1.010000	1.000100
1.020000	1.000100
1.030000	1.000100
1.040000	1.000100
1.050000	1.000100
1.060000	1.000100
1.070000	1.000100
1.080000	1.000100
1.090000	1.000100
1.100000	1.000100
1.110000	1.000100
1.120000	1.000100
1.130000	1.000100
1.140000	1.000100
1.150000	1.000100
1.160000	1.000100
1.170000	1.000100
1.180000	1.000100
1.190000	1.000100
1.200000	1.000100
1.210000	1.000100
1.220000	1.000100
1.230000	1.000100
1.240000	1.000100
1.250000	1.000100
1.260000	1.000100
1.270000	1.000100
1.280000	1.000100
1.290000	1.000100
1.300000	1.000100
1.310000	1.000100
1.320000	1.000100
1.330000	1.000100
1.340000	1.000100
1.350000	1.000100
1.360000	1.000100
1.370000	1.000100
1.380000	1.000100
1.390000	1.000100
1.400000	1.000100
1.410000	1.000100
1.420000	1.000100
1.430000	1.000100
1.440000	1.000100
1.450000	1.000100
1.460000	1.000100
1.470000	1.000100
1.480000	1.000100
1.490000	1.000100
1.500000	1.000100
1.510000	1.000100
1.520000	1.000100
1.530000	1.000100
1.540000	1.000100
1.550000	1.000100
1.560000	1.000100
1.570000	1.000100
1.580000	1.000100
1.590000	1.000100
1.600000	1.000100
1.610000	1.000100
1.620000	1.000100
1.630000	1.000100
1.640000	1.000100
1.650000	1.000100
1.660000	1.000100
1.670000	1.000100
1.680000	1.000100
1.690000	1.000100
1.700000	1.000100
1.710000	1.000100
1.720000	1.000100
1.730000	1.000100
1.740000	1.000100
1.750000	1.000100
1.760000	1.000100
1.770000	1.000100
1.780000	1.000100
1.790000	1.000100
1.800000	1.000100
1.810000	1.000100
1.820000	1.000100
1.830000	1.000100
1.840000	1.000100
1.850000	1.000100
1.860000	1.000100
1.870000	1.000100
1.880000	1.000100
1.890000	1.000100
1.900000	1.000100
1.910000	1.000100
1.920000	1.000100
1.930000	1.000100
1.940000	1.000100
1.950000	1.000100
1.960000	1.000100
1.970000	1.000100
1.980000	1.000100
1.990000	1.000100
2.000000	1.000100
2.010000	1.000100
2.020000	1.000100
2.030000	1.000100
2.040000	1.000100
2.050000	1.000100
2.060000	1.000100
2.070000	1.000100
2.080000	1.000100
2.090000	1.000100
2.100000	1.000100
2.110000	1.000100
2.120000	1.000100
2.130000	1.000100
2.140000	1.000100
2.150000	1.000100
2.160000	1.000100
2.170000	1.000100
2.180000	1.000100
2.190000	1.000100
2.200000	1.000100
2.210000	1.000100
2.220000	1.000100
2.230000	1.000100
2.240000	1.000100
2.250000	1.000100
2.260000	1.000100
2.270000	1.000100
2.280000	1.000100
2.290000	1.000100
2.300000	1.000100
2.310000	1.000100
2.320000	1.000100
2.330000	1.000100
2.340000	1.000100
2.350000	1.000100
2.360000	1.000100
2.370000	1.000100
2.380000	1.000100
2.390000	1.000100
2.400000	1.000100
2.410000	1.000100
2.420000	1.000100
2.430000	1.000100
2.440000	1.000100
2.450000	1.000100
2.460000	1.000100
2.470000	1.000100
2.480000	1.000100
2.490000	1.000100
2.500000	1.000100
2.510000	1.000100
2.520000	1.000100
2.530000	1.000100
2.540000	1.000100
2.550000	1.000100
2.560000	1.000100
2.570000	1.000100
2.580000	1.000100
2.590000	1.000100
2.600000	1.000100
2.610000	1.000100
2.620000	1.000100
2.630000	1.000100
2.640000	1.000100
2.650000	1.000100
2.660000	1.000100
2.670000	1.000100
2.680000	1.000100
2.690000	1.000100
2.700000	1.000100
2.710000	1.000100
2.720000	1.000100
2.730000	1.000100
2.740000	1.000100
2.750000	1.000100
2.760000	1.000100
2.770000	1.000100
2.780000	1.000100
2.790000	1.000100
2.800000	1.000100
2.810000	1.000100
2.820000	1.000100
2.830000	1.000100
2.840000	1.000100
2.850000	1.000100
2.860000	1.000100
2.870000	1.000100
2.880000	1.000100
2.890000	1.000100
2.900000	1.000100
2.910000	1.000100
2.920000	1.000100
2.930000	1.000100
2.940000	1.000100
2.950000	1.000100
2.960000	1.000100
2.970000	1.000100
2.980000	1.000100
2.990000	1.000100
3.000000	1.000100
3.010000	1.000100
3.020000	1.000100
3.030000	1.000100
3.040000	1.000100
3.050000	1.000100
3.060000	1.000100
3.070000	1.000100
3.080000	1.000100
3.090000	1.000100
3.100000	1.000100
3.110000	1.000100
3.120000	1.000100
3.130000	1.000100
3.140000	1.000100
3.150000	1.000100
3.160000	1.000100
3.170000	1.000100
3.180000	1.000100
3.190000	1.000100
3.200000	1.000100
3.210000	1.000100
3.220000	1.000100
3.230000	1.000100
3.240000	1.000100
3.250000	1.000100
3.260000	1.000100
3.270000	1.000100
3.280000	1.000100
3.290000	1.000100
3.300000	1.000100
3.310000	1.000100
3.320000	1.000100
3.330000	1.000100
3.340000	1.000100
3.350000	1.000100
3.360000	1.000100
3.370000	1.000100
3.380000	1.000100
3.390000	1.000100
3.400000	1.000100
3.410000	1.000100
3.420000	1.000100
3.430000	1.000100
3.440000	1.000100
3.450000	1.000100
3.460000	1.000100
3.470000	1.000100
3.480000	1.000100
3.490000	1.000100
3.500000	1.000100
3.510000	1.000100
3.520000	1.000100
3.530000	1.000100
3.540000	1.000100
3.550000	1.000100
3.560000	1.000100
3.570000	1.000100
3.580000	1.000100
3.590000	1.000100
3.600000	1.000100
3.610000	1.000100
3.620000	1.000100
3.630000	1.000100
3.640000	1.000100
3.650000	1.000100
3.660000	1.000100
3.670000	1.000100
3.680000	1.000100
3.690000	1.000100
3.700000	1.000100
3.710000	1.000100
3.720000	1.000100
3.730000	1.000100
3.740000	1.000100
3.750000	1.000100
3.760000	1.000100
3.770000	1.000100
3.780000	1.000100
3.790000	1.000100
3.800000	1.000100
3.810000	1.000100
3.820000	1.000100
3.830000	1.000100
3.840000	1.000100
3.850000	1.000100
3.860000	1.000100
3.870000	1.000100
3.880000	1.000100
3.890000	1.000100
3.900000	1.000100
3.910000	1.000100
3.920000	1.000100
3.930000	1.000100
3.940000	1.000100
3.950000	1.000100
3.960000	1.000100
3.970000	1.000100
3.980000	1.000100
3.990000	1.000100
4.000000	1.000100
4.010000	1.000100
4.020000	1.000100
4.030000	1.000100
4.040000	1.000100
4.050000	1.000100
4.060000	1.000100
4.070000	1.000100
4.080000	1.000100
4.090000	1.000100
4.100000	1.000100
4.110000	1.000100
4.120000	1.000100
4.130000	1.000100
4.140000	1.000100
4.150000	1.000100
4.160000	1.000100
4.170000	1.000100
4.180000	1.000100
4.190000	1.000100
4.200000	1.000100
4.210000	1.000100
4.220000	1.000100
4.230000	1.000100
4.240000	1.000100
4.250000	1.000100
4.260000	1.000100
4.270000	1.000100
4.280000	1.000100
4.290000	1.000100
4.300000	1.000100
4.310000	1.000100
4.320000	1.000100
4.330000	1.000100
4.340000	1.000100
4.350000	1.000100
4.360000	1.000100
4.370000	1.000100
4.380000	1.000100
4.390000	1.000100
4.400000	1.000100
4.410000	1.000100
4.420000	1.000100
4.430000	1.000100
4.440000	1.000100
4.450000	1.000100
4.460000	1.000100
4.470000	1.000100
4.480000	1.000100
4.490000	1.000100
4.500000	1.000100
4.510000	1.000100
4.520000	1.000100
4.530000	1.000100
4.540000	1.000100
4.550000	1.000100
4.560000	1.000100
4.570000	1.000100
4.580000	1.000100
4.590000	1.000100
4.600000	1.000100
4.610000	1.000100
4.620000	1.000100
4.630000	1.000100
4.640000	1.000100
4.650000	1.000100
4.660000	1.000100
4.670000	1.000100
4.680000	1.000100
4.690000	1.000100
4.700000	1.000100
4.710000	1.000100
4.720000	1.000100
4.730000	1.000100
4.740000	1.000100
4.750000	1.000100
4.760000	1.000100
4.770000	1.000100
4.780000	1.000100
4.790000	1.000100
4.800000	1.000100
4.810000	1.000100
4.820000	1.000100
4.830000	1.000100
4.840000	1.000100
4.850000	1.000100
4.860000	1.000100
4.870000	1.000100
4.880000	1.000100
4.890000	1.000100
4.900000	1.000100
4.910000	1.000100
4.920000	1.000100
4.930000	1.000100
4.940000	1.000100
4.950000	1.000100
4.960000	1.000100
4.970000	1.000100
4.980000	1.000100
4.990000	1.000100
5.000000	1.000100
5.010000	1.000100
5.020000	1.000100
5.030000	1.000100
5.040000	1.000100
5.050000	1.000100
5.060000	1.000100
5.070000	1.000100
5.080000	1.000100
5.090000	1.000100
5.100000	1.000100
5.110000	1.000100
5.120000	1.000100
5.130000	1.000100
5.140000	1.000100
5.150000	1.000100
5.160000	1.000100
5.170000	1.000100
5.180000	1.000100
5.190000	1.000100
5.200000	1.000100
5.210000	1.000100
5.220000	1.000100
5.230000	1.000100
5.240000	1.000100
5.250000	1.000100
5.260000	1.000100
5.270000	1.000100
5.280000	1.000100
5.290000	1.000100
5.300000	1.000100
5.310000	1.000100
5.320000	1.000100
5.330000	1.000100
5.340000	1.000100
5.350000	1.000100
5.360000	1.000100
5.370000	1.000100
5.380000	1.000100
5.390000	1.000100
5.400000	1.000100
5.410000	1.000100
5.420000	1.000100
5.430000	1.000100
5.440000	1.000100
5.450000	1.000100
5.460000	1.000100
5.470000	1.000100
5.480000	1.000100
5.490000	1.000100
5.500000	1.000100
5.510000	1.000100
5.520000	1.000100
5.530000	1.000100
5.540000	1.000100
5.550000	1.000100
5.560000	1.000100
5.570000	1.000100
5.580000	1.000100
5.590000	1.000100
5.600000	1.000100
5.610000	1.000100
5.620000	1.000100
5.630000	1.000100
5.640000	1.000100
5.650000	1.000100
5.660000	1.000100
5.670000	1.000100
5.680000	1.000100
5.690000	1.000100
5.700000	1.000100
5.710000	1.000100
5.720000	1.000100
5.730000	1.000100
5.740000	1.000100
5.750000	1.000100
5.760000	1.000100
5.770000	1.000100
5.780000	1.000100
5.790000	1.000100
5.800000	1.000100
5.810000	1.000100
5.820000	1.000100
5.830000	1.000100
5.840000	1.000100
5.850000	1.000100
5.860000	1.000100
5.870000	1.000100
5.880000	1.000100
5.890000	1.000100
5.900000	1.000100
5.910000	1.000100
5.920000	1.000100
5.930000	1.000100
5.940000	1.000100
5.950000	1.000100
5.960000	1.000100
5.970000	1.000100
5.980000	1.000100
5.990000	1.000100
6.000000	1.000100
6.010000	1.000100
6.020000	1.000100
6.030000	1.000100
6.040000	1.000100
6.050000	1.000100
6.060000	1.000100
6.070000	1.000100
6.080000	1.000100
6.090000	1.000100
6.100000	1.000100
6.110000	1.000100
6.120000	1.000100
6.130000	1.000100
6.140000	1.000100
6.150000	1.000100
6.160000	1.000100
6.170000	1.000100
6.180000	1.000100
6.190000	1.000100
6.200000	1.000100
6.210000	1.000100
6.220000	1.000100
6.230000	1.000100
6.240000	1.000100
6.250000	1.000100
6.260000	1.000100
6.270000	1.000100
