0.000000	0.470455
0.010000	0.470458
0.020000	0.470475
0.030000	0.470508
0.040000	0.470556
0.050000	0.470620
0.060000	0.470699
0.070000	0.470793
0.080000	0.470903
0.090000	0.471028
0.100000	0.471168
0.110000	0.471325
0.120000	0.471496
0.130000	0.471683
0.140000	0.471886
0.150000	0.472104
0.160000	0.472338
0.170000	0.472587
0.180000	0.472852
0.190000	0.473133
0.200000	0.473430
0.210000	0.473742
0.220000	0.474071
0.230000	0.474415
0.240000	0.474775
0.250000	0.475151
0.260000	0.475544
0.270000	0.475953
0.280000	0.476377
0.290000	0.476819
0.300000	0.477276
0.310000	0.477750
0.320000	0.478241
0.330000	0.478748
0.340000	0.479272
0.350000	0.479813
0.360000	0.480370
0.370000	0.480945
0.380000	0.481536
0.390000	0.482145
0.400000	0.482771
0.410000	0.483415
0.420000	0.484076
0.430000	0.484754
0.440000	0.485450
0.450000	0.486164
0.460000	0.486896
0.470000	0.487647
0.480000	0.488415
0.490000	0.489202
0.500000	0.490007
0.510000	0.490831
0.520000	0.491673
0.530000	0.492535
0.540000	0.493415
0.550000	0.494315
0.560000	0.495234
0.570000	0.496172
0.580000	0.497131
0.590000	0.498109
0.600000	0.499107
0.610000	0.500126
0.620000	0.501165
0.630000	0.502224
0.640000	0.503304
0.650000	0.504405
0.660000	0.505528
0.670000	0.506672
0.680000	0.507837
0.690000	0.509024
0.700000	0.510233
0.710000	0.511465
0.720000	0.512719
0.730000	0.513995
0.740000	0.515295
0.750000	0.516618
0.760000	0.517964
0.770000	0.519334
0.780000	0.520728
0.790000	0.522146
0.800000	0.523589
0.810000	0.525056
0.820000	0.526548
0.830000	0.528066
0.840000	0.529610
0.850000	0.531179
0.860000	0.532775
0.870000	0.534397
0.880000	0.536047
0.890000	0.537723
0.900000	0.539427
0.910000	0.541159
0.920000	0.542920
0.930000	0.544709
0.940000	0.546527
0.950000	0.548374
0.960000	0.550251
0.970000	0.552158
0.980000	0.554096
0.990000	0.556065
1.000000	0.558065
1.010000	0.560097
1.020000	0.562162
1.030000	0.564259
1.040000	0.566389
1.050000	0.568552
1.060000	0.570750
1.070000	0.572983
1.080000	0.575250
1.090000	0.577553
1.100000	0.579892
1.110000	0.582268
1.120000	0.584681
1.130000	0.587131
1.140000	0.589620
1.150000	0.592148
1.160000	0.594715
1.170000	0.597322
1.180000	0.599969
1.190000	0.602658
1.200000	0.605389
1.210000	0.608162
1.220000	0.610979
1.230000	0.613839
1.240000	0.616744
1.250000	0.619694
1.260000	0.622690
1.270000	0.625732
1.280000	0.628823
1.290000	0.631961
1.300000	0.635148
1.310000	0.638386
1.320000	0.641674
1.330000	0.645013
1.340000	0.648404
1.350000	0.651849
1.360000	0.655348
1.370000	0.658902
1.380000	0.662511
1.390000	0.666178
1.400000	0.669902
1.410000	0.673685
1.420000	0.677528
1.430000	0.681432
1.440000	0.685398
1.450000	0.689426
1.460000	0.693519
1.470000	0.697677
1.480000	0.701901
1.490000	0.706192
1.500000	0.710552
1.510000	0.714982
1.520000	0.719483
1.530000	0.724057
1.540000	0.728704
1.550000	0.733426
1.560000	0.738224
1.570000	0.743100
1.580000	0.748056
1.590000	0.753091
1.600000	0.758209
1.610000	0.763410
1.620000	0.768695
1.630000	0.774068
1.640000	0.779528
1.650000	0.785078
1.660000	0.790720
1.670000	0.796454
1.680000	0.802283
1.690000	0.808208
1.700000	0.814232
1.710000	0.820355
1.720000	0.826580
1.730000	0.832909
1.740000	0.839343
1.750000	0.845885
1.760000	0.852536
1.770000	0.859299
1.780000	0.866175
1.790000	0.873166
1.800000	0.880275
1.810000	0.887504
1.820000	0.894855
1.830000	0.902329
1.840000	0.909930
1.850000	0.917660
1.860000	0.925520
1.870000	0.933514
1.880000	0.941643
1.890000	0.949911
1.900000	0.958318
1.910000	0.966869
1.920000	0.975565
1.930000	0.984408
1.940000	0.993403
1.950000	1.002550
1.960000	1.011852
1.970000	1.021313
1.980000	1.030934
1.990000	1.040719
2.000000	1.050670
2.010000	1.060790
2.020000	1.071082
2.030000	1.081547
2.040000	1.092189
2.050000	1.103011
2.060000	1.114016
2.070000	1.125205
2.080000	1.136582
2.090000	1.148149
2.100000	1.159910
2.110000	1.171866
2.120000	1.184021
2.130000	1.196377
2.140000	1.208936
2.150000	1.221701
2.160000	1.234675
2.170000	1.247859
2.180000	1.261258
2.190000	1.274871
2.200000	1.288703
2.210000	1.302754
2.220000	1.317028
2.230000	1.331525
2.240000	1.346248
2.250000	1.361199
2.260000	1.376379
2.270000	1.391789
2.280000	1.407431
2.290000	1.423306
2.300000	1.439415
2.310000	1.455758
2.320000	1.472337
2.330000	1.489151
2.340000	1.506201
2.350000	1.523486
2.360000	1.541006
2.370000	1.558761
2.380000	1.576749
2.390000	1.594969
2.400000	1.613420
2.410000	1.632100
2.420000	1.651007
2.430000	1.670138
2.440000	1.689489
2.450000	1.709059
2.460000	1.728842
2.470000	1.748835
2.480000	1.769033
2.490000	1.789431
2.500000	1.810023
2.510000	1.830804
2.520000	1.851766
2.530000	1.872903
2.540000	1.894206
2.550000	1.915668
2.560000	1.937280
2.570000	1.959033
2.580000	1.980916
2.590000	2.002919
2.600000	2.025032
2.610000	2.047241
2.620000	2.069536
2.630000	2.091902
2.640000	2.114327
2.650000	2.136795
2.660000	2.159293
2.670000	2.181805
2.680000	2.204315
2.690000	2.226806
2.700000	2.249260
2.710000	2.271660
2.720000	2.293988
2.730000	2.316225
2.740000	2.338350
2.750000	2.360345
2.760000	2.382188
2.770000	2.403858
2.780000	2.425335
2.790000	2.446596
2.800000	2.467619
2.810000	2.488382
2.820000	2.508862
2.830000	2.529037
2.840000	2.548882
2.850000	2.568375
2.860000	2.587493
2.870000	2.606211
2.880000	2.624508
2.890000	2.642359
2.900000	2.659741
2.910000	2.676632
2.920000	2.693009
2.930000	2.708849
2.940000	2.724132
2.950000	2.738834
2.960000	2.752937
2.970000	2.766418
2.980000	2.779259
2.990000	2.791440
3.000000	2.802944
3.010000	2.813753
3.020000	2.823851
3.030000	2.833222
3.040000	2.841851
3.050000	2.849726
3.060000	2.856833
3.070000	2.863162
3.080000	2.868703
3.090000	2.873447
3.100000	2.877386
3.110000	2.880513
3.120000	2.882825
3.130000	2.884316
3.140000	2.884986
3.150000	2.884832
3.160000	2.883855
3.170000	2.882057
3.180000	2.879440
3.190000	2.876010
3.200000	2.871771
3.210000	2.866730
3.220000	2.860895
3.230000	2.854277
3.240000	2.846885
3.250000	2.838731
3.260000	2.829828
3.270000	2.820189
3.280000	2.809831
3.290000	2.798768
3.300000	2.787017
3.310000	2.774597
3.320000	2.761525
3.330000	2.747822
3.340000	2.733506
3.350000	2.718598
3.360000	2.703120
3.370000	2.687093
3.380000	2.670539
3.390000	2.653481
3.400000	2.635940
3.410000	2.617941
3.420000	2.599506
3.430000	2.580658
3.440000	2.561422
3.450000	2.541819
3.460000	2.521874
3.470000	2.501610
3.480000	2.481049
3.490000	2.460214
3.500000	2.439128
3.510000	2.417814
3.520000	2.396293
3.530000	2.374586
3.540000	2.352715
3.550000	2.330702
3.560000	2.308564
3.570000	2.286324
3.580000	2.264000
3.590000	2.241610
3.600000	2.219173
3.610000	2.196706
3.620000	2.174227
3.630000	2.151751
3.640000	2.129295
3.650000	2.106874
3.660000	2.084502
3.670000	2.062194
3.680000	2.039961
3.690000	2.017818
3.700000	1.995777
3.710000	1.973848
3.720000	1.952042
3.730000	1.930371
3.740000	1.908843
3.750000	1.887468
3.760000	1.866253
3.770000	1.845208
3.780000	1.824340
3.790000	1.803655
3.800000	1.783160
3.810000	1.762860
3.820000	1.742762
3.830000	1.722869
3.840000	1.703187
3.850000	1.683720
3.860000	1.664471
3.870000	1.645443
3.880000	1.626640
3.890000	1.608063
3.900000	1.589715
3.910000	1.571597
3.920000	1.553711
3.930000	1.536059
3.940000	1.518640
3.950000	1.501456
3.960000	1.484507
3.970000	1.467792
3.980000	1.451312
3.990000	1.435066
4.000000	1.419054
4.010000	1.403274
4.020000	1.387726
4.030000	1.372409
4.040000	1.357321
4.050000	1.342461
4.060000	1.327827
4.070000	1.313418
4.080000	1.299231
4.090000	1.285264
4.100000	1.271516
4.110000	1.257985
4.120000	1.244668
4.130000	1.231563
4.140000	1.218667
4.150000	1.205978
4.160000	1.193494
4.170000	1.181212
4.180000	1.169130
4.190000	1.157244
4.200000	1.145553
4.210000	1.134054
4.220000	1.122743
4.230000	1.111619
4.240000	1.100678
4.250000	1.089919
4.260000	1.079337
4.270000	1.068931
4.280000	1.058698
4.290000	1.048635
4.300000	1.038740
4.310000	1.029009
4.320000	1.019440
4.330000	1.010032
4.340000	1.000779
4.350000	0.991682
4.360000	0.982736
4.370000	0.973939
4.380000	0.965289
4.390000	0.956783
4.400000	0.948419
4.410000	0.940194
4.420000	0.932107
4.430000	0.924153
4.440000	0.916332
4.450000	0.908641
4.460000	0.901077
4.470000	0.893639
4.480000	0.886324
4.490000	0.879130
4.500000	0.872055
4.510000	0.865096
4.520000	0.858252
4.530000	0.851521
4.540000	0.844900
4.550000	0.838388
4.560000	0.831982
4.570000	0.825681
4.580000	0.819483
4.590000	0.813387
4.600000	0.807389
4.610000	0.801489
4.620000	0.795684
4.630000	0.789974
4.640000	0.784356
4.650000	0.778828
4.660000	0.773390
4.670000	0.768038
4.680000	0.762773
4.690000	0.757593
4.700000	0.752495
4.710000	0.747478
4.720000	0.742542
4.730000	0.737684
4.740000	0.732903
4.750000	0.728198
4.760000	0.723567
4.770000	0.719010
4.780000	0.714525
4.790000	0.710110
4.800000	0.705765
4.810000	0.701488
4.820000	0.697278
4.830000	0.693133
4.840000	0.689054
4.850000	0.685038
4.860000	0.681085
4.870000	0.677194
4.880000	0.673363
4.890000	0.669591
4.900000	0.665878
4.910000	0.662222
4.920000	0.658623
4.930000	0.655079
4.940000	0.651590
4.950000	0.648155
4.960000	0.644773
4.970000	0.641443
4.980000	0.638164
4.990000	0.634935
5.000000	0.631756
5.010000	0.628626
5.020000	0.625543
5.030000	0.622508
5.040000	0.619520
5.050000	0.616577
5.060000	0.613679
5.070000	0.610825
5.080000	0.608015
5.090000	0.605248
5.100000	0.602524
5.110000	0.599841
5.120000	0.597199
5.130000	0.594598
5.140000	0.592036
5.150000	0.589514
5.160000	0.587030
5.170000	0.584584
5.180000	0.582176
5.190000	0.579805
5.200000	0.577471
5.210000	0.575172
5.220000	0.572909
5.230000	0.570680
5.240000	0.568486
5.250000	0.566326
5.260000	0.564200
5.270000	0.562106
5.280000	0.560046
5.290000	0.558017
5.300000	0.556020
5.310000	0.554054
5.320000	0.552119
5.330000	0.550215
5.340000	0.548340
5.350000	0.546496
5.360000	0.544680
5.370000	0.542894
5.380000	0.541136
5.390000	0.539406
5.400000	0.537704
5.410000	0.536030
5.420000	0.534383
5.430000	0.532762
5.440000	0.531168
5.450000	0.529601
5.460000	0.528059
5.470000	0.526543
5.480000	0.525052
5.490000	0.523586
5.500000	0.522144
5.510000	0.520728
5.520000	0.519335
5.530000	0.517966
5.540000	0.516621
5.550000	0.515300
5.560000	0.514001
5.570000	0.512726
5.580000	0.511473
5.590000	0.510242
5.600000	0.509034
5.610000	0.507847
5.620000	0.506683
5.630000	0.505540
5.640000	0.504418
5.650000	0.503317
5.660000	0.502238
5.670000	0.501179
5.680000	0.500140
5.690000	0.499122
5.700000	0.498125
5.710000	0.497147
5.720000	0.496189
5.730000	0.495251
5.740000	0.494332
5.750000	0.493432
5.760000	0.492552
5.770000	0.491691
5.780000	0.490848
5.790000	0.490025
5.800000	0.489219
5.810000	0.488433
5.820000	0.487665
5.830000	0.486914
5.840000	0.486182
5.850000	0.485468
5.860000	0.484772
5.870000	0.484093
5.880000	0.483432
5.890000	0.482788
5.900000	0.482162
5.910000	0.481553
5.920000	0.480961
5.930000	0.480387
5.940000	0.479829
5.950000	0.479288
5.960000	0.478764
5.970000	0.478256
5.980000	0.477765
5.990000	0.477291
6.000000	0.476833
6.010000	0.476391
6.020000	0.475966
6.030000	0.475557
6.040000	0.475164
6.050000	0.474787
6.060000	0.474427
6.070000	0.474082
6.080000	0.473753
6.090000	0.473440
6.100000	0.473143
6.110000	0.472862
6.120000	0.472596
6.130000	0.472346
6.140000	0.472112
6.150000	0.471893
6.160000	0.471690
6.170000	0.471502
6.180000	0.471330
6.190000	0.471174
6.200000	0.471033
6.210000	0.470907
6.220000	0.470797
6.230000	0.470702
6.240000	0.470622
6.250000	0.470558
6.260000	0.470509
6.270000	0.470476
