0.000000	0.666023
0.010000	0.666027
0.020000	0.666047
0.030000	0.666086
0.040000	0.666141
0.050000	0.666215
0.060000	0.666305
0.070000	0.666413
0.080000	0.666539
0.090000	0.666682
0.100000	0.666842
0.110000	0.667020
0.120000	0.667216
0.130000	0.667429
0.140000	0.667659
0.150000	0.667908
0.160000	0.668173
0.170000	0.668457
0.180000	0.668758
0.190000	0.669077
0.200000	0.669413
0.210000	0.669767
0.220000	0.670139
0.230000	0.670529
0.240000	0.670937
0.250000	0.671362
0.260000	0.671806
0.270000	0.672267
0.280000	0.672747
0.290000	0.673244
0.300000	0.673760
0.310000	0.674294
0.320000	0.674846
0.330000	0.675416
0.340000	0.676005
0.350000	0.676611
0.360000	0.677237
0.370000	0.677881
0.380000	0.678543
0.390000	0.679224
0.400000	0.679923
0.410000	0.680642
0.420000	0.681379
0.430000	0.682135
0.440000	0.682910
0.450000	0.683703
0.460000	0.684516
0.470000	0.685348
0.480000	0.686200
0.490000	0.687070
0.500000	0.687960
0.510000	0.688870
0.520000	0.689799
0.530000	0.690747
0.540000	0.691716
0.550000	0.692704
0.560000	0.693712
0.570000	0.694740
0.580000	0.695788
0.590000	0.696857
0.600000	0.697945
0.610000	0.699054
0.620000	0.700184
0.630000	0.701334
0.640000	0.702505
0.650000	0.703696
0.660000	0.704909
0.670000	0.706142
0.680000	0.707397
0.690000	0.708673
0.700000	0.709970
0.710000	0.711288
0.720000	0.712629
0.730000	0.713991
0.740000	0.715374
0.750000	0.716780
0.760000	0.718208
0.770000	0.719658
0.780000	0.721130
0.790000	0.722625
0.800000	0.724143
0.810000	0.725683
0.820000	0.727246
0.830000	0.728832
0.840000	0.730441
0.850000	0.732074
0.860000	0.733730
0.870000	0.735409
0.880000	0.737112
0.890000	0.738839
0.900000	0.740591
0.910000	0.742366
0.920000	0.744165
0.930000	0.745990
0.940000	0.747838
0.950000	0.749712
0.960000	0.751610
0.970000	0.753534
0.980000	0.755483
0.990000	0.757457
1.000000	0.759457
1.010000	0.761482
1.020000	0.763534
1.030000	0.765611
1.040000	0.767715
1.050000	0.769846
1.060000	0.772003
1.070000	0.774186
1.080000	0.776397
1.090000	0.778635
1.100000	0.780900
1.110000	0.783192
1.120000	0.785513
1.130000	0.787861
1.140000	0.790237
1.150000	0.792641
1.160000	0.795074
1.170000	0.797535
1.180000	0.800025
1.190000	0.802544
1.200000	0.805092
1.210000	0.807669
1.220000	0.810276
1.230000	0.812912
1.240000	0.815579
1.250000	0.818275
1.260000	0.821002
1.270000	0.823759
1.280000	0.826546
1.290000	0.829365
1.300000	0.832214
1.310000	0.835094
1.320000	0.838006
1.330000	0.840949
1.340000	0.843924
1.350000	0.846931
1.360000	0.849970
1.370000	0.853041
1.380000	0.856144
1.390000	0.859280
1.400000	0.862449
1.410000	0.865651
1.420000	0.868886
1.430000	0.872154
1.440000	0.875455
1.450000	0.878790
1.460000	0.882159
1.470000	0.885562
1.480000	0.888998
1.490000	0.892469
1.500000	0.895975
1.510000	0.899514
1.520000	0.903089
1.530000	0.906698
1.540000	0.910342
1.550000	0.914021
1.560000	0.917735
1.570000	0.921485
1.580000	0.925269
1.590000	0.929090
1.600000	0.932946
1.610000	0.936837
1.620000	0.940765
1.630000	0.944728
1.640000	0.948727
1.650000	0.952762
1.660000	0.956833
1.670000	0.960940
1.680000	0.965084
1.690000	0.969263
1.700000	0.973479
1.710000	0.977731
1.720000	0.982019
1.730000	0.986344
1.740000	0.990704
1.750000	0.995101
1.760000	0.999534
1.770000	1.004003
1.780000	1.008508
1.790000	1.013050
1.800000	1.017627
1.810000	1.022240
1.820000	1.026888
1.830000	1.031572
1.840000	1.036292
1.850000	1.041047
1.860000	1.045837
1.870000	1.050661
1.880000	1.055521
1.890000	1.060415
1.900000	1.065344
1.910000	1.070306
1.920000	1.075303
1.930000	1.080332
1.940000	1.085395
1.950000	1.090491
1.960000	1.095619
1.970000	1.100780
1.980000	1.105972
1.990000	1.111196
2.000000	1.116450
2.010000	1.121735
2.020000	1.127050
2.030000	1.132395
2.040000	1.137768
2.050000	1.143170
2.060000	1.148600
2.070000	1.154057
2.080000	1.159541
2.090000	1.165050
2.100000	1.170585
2.110000	1.176145
2.120000	1.181729
2.130000	1.187335
2.140000	1.192965
2.150000	1.198615
2.160000	1.204287
2.170000	1.209978
2.180000	1.215688
2.190000	1.221416
2.200000	1.227161
2.210000	1.232923
2.220000	1.238699
2.230000	1.244489
2.240000	1.250293
2.250000	1.256108
2.260000	1.261933
2.270000	1.267769
2.280000	1.273612
2.290000	1.279462
2.300000	1.285319
2.310000	1.291179
2.320000	1.297043
2.330000	1.302908
2.340000	1.308774
2.350000	1.314639
2.360000	1.320501
2.370000	1.326359
2.380000	1.332211
2.390000	1.338057
2.400000	1.343893
2.410000	1.349719
2.420000	1.355533
2.430000	1.361334
2.440000	1.367119
2.450000	1.372887
2.460000	1.378636
2.470000	1.384364
2.480000	1.390070
2.490000	1.395752
2.500000	1.401407
2.510000	1.407035
2.520000	1.412632
2.530000	1.418198
2.540000	1.423730
2.550000	1.429226
2.560000	1.434684
2.570000	1.440102
2.580000	1.445478
2.590000	1.450811
2.600000	1.456098
2.610000	1.461336
2.620000	1.466525
2.630000	1.471662
2.640000	1.476744
2.650000	1.481771
2.660000	1.486739
2.670000	1.491646
2.680000	1.496491
2.690000	1.501271
2.700000	1.505985
2.710000	1.510629
2.720000	1.515203
2.730000	1.519704
2.740000	1.524130
2.750000	1.528479
2.760000	1.532749
2.770000	1.536938
2.780000	1.541043
2.790000	1.545064
2.800000	1.548998
2.810000	1.552842
2.820000	1.556596
2.830000	1.560257
2.840000	1.563824
2.850000	1.567295
2.860000	1.570667
2.870000	1.573940
2.880000	1.577111
2.890000	1.580178
2.900000	1.583142
2.910000	1.585999
2.920000	1.588747
2.930000	1.591387
2.940000	1.593916
2.950000	1.596333
2.960000	1.598637
2.970000	1.600826
2.980000	1.602899
2.990000	1.604855
3.000000	1.606693
3.010000	1.608412
3.020000	1.610011
3.030000	1.611489
3.040000	1.612845
3.050000	1.614079
3.060000	1.615190
3.070000	1.616177
3.080000	1.617039
3.090000	1.617777
3.100000	1.618389
3.110000	1.618876
3.120000	1.619237
3.130000	1.619471
3.140000	1.619580
3.150000	1.619562
3.160000	1.619418
3.170000	1.619148
3.180000	1.618752
3.190000	1.618230
3.200000	1.617582
3.210000	1.616809
3.220000	1.615912
3.230000	1.614890
3.240000	1.613745
3.250000	1.612477
3.260000	1.611087
3.270000	1.609575
3.280000	1.607942
3.290000	1.606190
3.300000	1.604319
3.310000	1.602331
3.320000	1.600226
3.330000	1.598005
3.340000	1.595670
3.350000	1.593223
3.360000	1.590663
3.370000	1.587994
3.380000	1.585215
3.390000	1.582330
3.400000	1.579339
3.410000	1.576243
3.420000	1.573045
3.430000	1.569746
3.440000	1.566347
3.450000	1.562852
3.460000	1.559260
3.470000	1.555575
3.480000	1.551797
3.490000	1.547930
3.500000	1.543974
3.510000	1.539932
3.520000	1.535805
3.530000	1.531597
3.540000	1.527307
3.550000	1.522939
3.560000	1.518495
3.570000	1.513977
3.580000	1.509386
3.590000	1.504726
3.600000	1.499997
3.610000	1.495202
3.620000	1.490343
3.630000	1.485422
3.640000	1.480441
3.650000	1.475403
3.660000	1.470309
3.670000	1.465162
3.680000	1.459963
3.690000	1.454715
3.700000	1.449420
3.710000	1.444079
3.720000	1.438695
3.730000	1.433270
3.740000	1.427806
3.750000	1.422305
3.760000	1.416768
3.770000	1.411199
3.780000	1.405598
3.790000	1.399967
3.800000	1.394309
3.810000	1.388625
3.820000	1.382918
3.830000	1.377189
3.840000	1.371440
3.850000	1.365672
3.860000	1.359887
3.870000	1.354088
3.880000	1.348276
3.890000	1.342452
3.900000	1.336618
3.910000	1.330776
3.920000	1.324927
3.930000	1.319073
3.940000	1.313215
3.950000	1.307355
3.960000	1.301495
3.970000	1.295635
3.980000	1.289777
3.990000	1.283923
4.000000	1.278073
4.010000	1.272230
4.020000	1.266394
4.030000	1.260566
4.040000	1.254748
4.050000	1.248941
4.060000	1.243147
4.070000	1.237365
4.080000	1.231597
4.090000	1.225845
4.100000	1.220109
4.110000	1.214391
4.120000	1.208690
4.130000	1.203009
4.140000	1.197348
4.150000	1.191708
4.160000	1.186089
4.170000	1.180493
4.180000	1.174920
4.190000	1.169371
4.200000	1.163847
4.210000	1.158349
4.220000	1.152877
4.230000	1.147431
4.240000	1.142013
4.250000	1.136622
4.260000	1.131260
4.270000	1.125928
4.280000	1.120624
4.290000	1.115351
4.300000	1.110108
4.310000	1.104897
4.320000	1.099716
4.330000	1.094568
4.340000	1.089452
4.350000	1.084368
4.360000	1.079317
4.370000	1.074299
4.380000	1.069315
4.390000	1.064364
4.400000	1.059448
4.410000	1.054565
4.420000	1.049718
4.430000	1.044904
4.440000	1.040126
4.450000	1.035383
4.460000	1.030675
4.470000	1.026003
4.480000	1.021366
4.490000	1.016765
4.500000	1.012199
4.510000	1.007670
4.520000	1.003176
4.530000	0.998718
4.540000	0.994296
4.550000	0.989911
4.560000	0.985561
4.570000	0.981248
4.580000	0.976970
4.590000	0.972729
4.600000	0.968524
4.610000	0.964355
4.620000	0.960223
4.630000	0.956126
4.640000	0.952065
4.650000	0.948041
4.660000	0.944052
4.670000	0.940099
4.680000	0.936181
4.690000	0.932300
4.700000	0.928454
4.710000	0.924643
4.720000	0.920868
4.730000	0.917128
4.740000	0.913423
4.750000	0.909753
4.760000	0.906119
4.770000	0.902519
4.780000	0.898953
4.790000	0.895423
4.800000	0.891926
4.810000	0.888464
4.820000	0.885036
4.830000	0.881642
4.840000	0.878281
4.850000	0.874955
4.860000	0.871662
4.870000	0.868402
4.880000	0.865175
4.890000	0.861981
4.900000	0.858820
4.910000	0.855692
4.920000	0.852596
4.930000	0.849532
4.940000	0.846501
4.950000	0.843502
4.960000	0.840534
4.970000	0.837598
4.980000	0.834693
4.990000	0.831820
5.000000	0.828977
5.010000	0.826166
5.020000	0.823385
5.030000	0.820634
5.040000	0.817914
5.050000	0.815224
5.060000	0.812564
5.070000	0.809934
5.080000	0.807333
5.090000	0.804762
5.100000	0.802220
5.110000	0.799707
5.120000	0.797223
5.130000	0.794767
5.140000	0.792340
5.150000	0.789941
5.160000	0.787570
5.170000	0.785228
5.180000	0.782913
5.190000	0.780625
5.200000	0.778365
5.210000	0.776133
5.220000	0.773927
5.230000	0.771748
5.240000	0.769596
5.250000	0.767470
5.260000	0.765371
5.270000	0.763298
5.280000	0.761251
5.290000	0.759230
5.300000	0.757234
5.310000	0.755264
5.320000	0.753320
5.330000	0.751400
5.340000	0.749506
5.350000	0.747636
5.360000	0.745792
5.370000	0.743972
5.380000	0.742176
5.390000	0.740404
5.400000	0.738657
5.410000	0.736933
5.420000	0.735234
5.430000	0.733558
5.440000	0.731905
5.450000	0.730276
5.460000	0.728670
5.470000	0.727088
5.480000	0.725528
5.490000	0.723991
5.500000	0.722477
5.510000	0.720985
5.520000	0.719516
5.530000	0.718069
5.540000	0.716644
5.550000	0.715241
5.560000	0.713860
5.570000	0.712501
5.580000	0.711163
5.590000	0.709847
5.600000	0.708553
5.610000	0.707280
5.620000	0.706028
5.630000	0.704797
5.640000	0.703587
5.650000	0.702398
5.660000	0.701229
5.670000	0.700082
5.680000	0.698955
5.690000	0.697848
5.700000	0.696762
5.710000	0.695696
5.720000	0.694650
5.730000	0.693624
5.740000	0.692618
5.750000	0.691632
5.760000	0.690666
5.770000	0.689719
5.780000	0.688792
5.790000	0.687885
5.800000	0.686997
5.810000	0.686128
5.820000	0.685278
5.830000	0.684448
5.840000	0.683637
5.850000	0.682845
5.860000	0.682072
5.870000	0.681318
5.880000	0.680583
5.890000	0.679866
5.900000	0.679168
5.910000	0.678489
5.920000	0.677828
5.930000	0.677186
5.940000	0.676563
5.950000	0.675957
5.960000	0.675370
5.970000	0.674802
5.980000	0.674251
5.990000	0.673719
6.000000	0.673205
6.010000	0.672709
6.020000	0.672231
6.030000	0.671771
6.040000	0.671329
6.050000	0.670905
6.060000	0.670499
6.070000	0.670110
6.080000	0.669740
6.090000	0.669387
6.100000	0.669052
6.110000	0.668734
6.120000	0.668435
6.130000	0.668153
6.140000	0.667888
6.150000	0.667641
6.160000	0.667412
6.170000	0.667200
6.180000	0.667006
6.190000	0.666830
6.200000	0.666670
6.210000	0.666529
6.220000	0.666404
6.230000	0.666298
6.240000	0.666209
6.250000	0.666137
6.260000	0.666082
6.270000	0.666045
