0.000000	0.809386
0.010000	0.809389
0.020000	0.809406
0.030000	0.809436
0.040000	0.809480
0.050000	0.809538
0.060000	0.809610
0.070000	0.809695
0.080000	0.809793
0.090000	0.809906
0.100000	0.810032
0.110000	0.810172
0.120000	0.810325
0.130000	0.810492
0.140000	0.810673
0.150000	0.810867
0.160000	0.811076
0.170000	0.811298
0.180000	0.811533
0.190000	0.811782
0.200000	0.812045
0.210000	0.812322
0.220000	0.812613
0.230000	0.812917
0.240000	0.813235
0.250000	0.813566
0.260000	0.813912
0.270000	0.814271
0.280000	0.814644
0.290000	0.815031
0.300000	0.815431
0.310000	0.815845
0.320000	0.816273
0.330000	0.816715
0.340000	0.817171
0.350000	0.817640
0.360000	0.818123
0.370000	0.818620
0.380000	0.819131
0.390000	0.819656
0.400000	0.820194
0.410000	0.820747
0.420000	0.821313
0.430000	0.821893
0.440000	0.822487
0.450000	0.823095
0.460000	0.823717
0.470000	0.824352
0.480000	0.825002
0.490000	0.825665
0.500000	0.826343
0.510000	0.827034
0.520000	0.827740
0.530000	0.828459
0.540000	0.829192
0.550000	0.829939
0.560000	0.830701
0.570000	0.831476
0.580000	0.832265
0.590000	0.833068
0.600000	0.833885
0.610000	0.834717
0.620000	0.835562
0.630000	0.836421
0.640000	0.837295
0.650000	0.838182
0.660000	0.839083
0.670000	0.839999
0.680000	0.840929
0.690000	0.841872
0.700000	0.842830
0.710000	0.843802
0.720000	0.844788
0.730000	0.845788
0.740000	0.846802
0.750000	0.847831
0.760000	0.848873
0.770000	0.849930
0.780000	0.851001
0.790000	0.852085
0.800000	0.853184
0.810000	0.854297
0.820000	0.855425
0.830000	0.856566
0.840000	0.857722
0.850000	0.858891
0.860000	0.860075
0.870000	0.861273
0.880000	0.862485
0.890000	0.863711
0.900000	0.864951
0.910000	0.866206
0.920000	0.867474
0.930000	0.868757
0.940000	0.870054
0.950000	0.871365
0.960000	0.872690
0.970000	0.874029
0.980000	0.875382
0.990000	0.876749
1.000000	0.878130
1.010000	0.879526
1.020000	0.880935
1.030000	0.882358
1.040000	0.883795
1.050000	0.885247
1.060000	0.886712
1.070000	0.888191
1.080000	0.889684
1.090000	0.891191
1.100000	0.892712
1.110000	0.894247
1.120000	0.895795
1.130000	0.897357
1.140000	0.898933
1.150000	0.900523
1.160000	0.902127
1.170000	0.903744
1.180000	0.905374
1.190000	0.907019
1.200000	0.908677
1.210000	0.910348
1.220000	0.912033
1.230000	0.913731
1.240000	0.915443
1.250000	0.917168
1.260000	0.918906
1.270000	0.920658
1.280000	0.922422
1.290000	0.924200
1.300000	0.925991
1.310000	0.927795
1.320000	0.929612
1.330000	0.931441
1.340000	0.933284
1.350000	0.935139
1.360000	0.937007
1.370000	0.938887
1.380000	0.940780
1.390000	0.942686
1.400000	0.944603
1.410000	0.946534
1.420000	0.948476
1.430000	0.950430
1.440000	0.952396
1.450000	0.954375
1.460000	0.956365
1.470000	0.958366
1.480000	0.960380
1.490000	0.962405
1.500000	0.964441
1.510000	0.966488
1.520000	0.968547
1.530000	0.970617
1.540000	0.972697
1.550000	0.974788
1.560000	0.976891
1.570000	0.979003
1.580000	0.981126
1.590000	0.983259
1.600000	0.985403
1.610000	0.987556
1.620000	0.989719
1.630000	0.991892
1.640000	0.994074
1.650000	0.996265
1.660000	0.998466
1.670000	1.000676
1.680000	1.002895
1.690000	1.005122
1.700000	1.007357
1.710000	1.009601
1.720000	1.011854
1.730000	1.014114
1.740000	1.016381
1.750000	1.018657
1.760000	1.020939
1.770000	1.023229
1.780000	1.025525
1.790000	1.027829
1.800000	1.030138
1.810000	1.032454
1.820000	1.034776
1.830000	1.037104
1.840000	1.039437
1.850000	1.041775
1.860000	1.044119
1.870000	1.046467
1.880000	1.048820
1.890000	1.051177
1.900000	1.053538
1.910000	1.055902
1.920000	1.058270
1.930000	1.060642
1.940000	1.063016
1.950000	1.065393
1.960000	1.067772
1.970000	1.070153
1.980000	1.072536
1.990000	1.074920
2.000000	1.077306
2.010000	1.079692
2.020000	1.082079
2.030000	1.084466
2.040000	1.086852
2.050000	1.089238
2.060000	1.091624
2.070000	1.094008
2.080000	1.096390
2.090000	1.098771
2.100000	1.101150
2.110000	1.103526
2.120000	1.105899
2.130000	1.108268
2.140000	1.110634
2.150000	1.112996
2.160000	1.115354
2.170000	1.117707
2.180000	1.120054
2.190000	1.122396
2.200000	1.124732
2.210000	1.127062
2.220000	1.129385
2.230000	1.131701
2.240000	1.134009
2.250000	1.136309
2.260000	1.138601
2.270000	1.140884
2.280000	1.143159
2.290000	1.145423
2.300000	1.147677
2.310000	1.149921
2.320000	1.152155
2.330000	1.154376
2.340000	1.156586
2.350000	1.158784
2.360000	1.160970
2.370000	1.163142
2.380000	1.165301
2.390000	1.167446
2.400000	1.169577
2.410000	1.171693
2.420000	1.173794
2.430000	1.175879
2.440000	1.177949
2.450000	1.180001
2.460000	1.182037
2.470000	1.184055
2.480000	1.186056
2.490000	1.188038
2.500000	1.190002
2.510000	1.191946
2.520000	1.193871
2.530000	1.195776
2.540000	1.197661
2.550000	1.199524
2.560000	1.201367
2.570000	1.203187
2.580000	1.204986
2.590000	1.206761
2.600000	1.208514
2.610000	1.210244
2.620000	1.211949
2.630000	1.213631
2.640000	1.215287
2.650000	1.216919
2.660000	1.218525
2.670000	1.220106
2.680000	1.221660
2.690000	1.223187
2.700000	1.224687
2.710000	1.226160
2.720000	1.227606
2.730000	1.229023
2.740000	1.230411
2.750000	1.231771
2.760000	1.233101
2.770000	1.234402
2.780000	1.235673
2.790000	1.236913
2.800000	1.238123
2.810000	1.239303
2.820000	1.240451
2.830000	1.241567
2.840000	1.242652
2.850000	1.243704
2.860000	1.244724
2.870000	1.245711
2.880000	1.246666
2.890000	1.247587
2.900000	1.248475
2.910000	1.249329
2.920000	1.250149
2.930000	1.250934
2.940000	1.251686
2.950000	1.252403
2.960000	1.253085
2.970000	1.253732
2.980000	1.254344
2.990000	1.254920
3.000000	1.255461
3.010000	1.255967
3.020000	1.256436
3.030000	1.256870
3.040000	1.257267
3.050000	1.257629
3.060000	1.257954
3.070000	1.258243
3.080000	1.258495
3.090000	1.258711
3.100000	1.258890
3.110000	1.259032
3.120000	1.259138
3.130000	1.259208
3.140000	1.259240
3.150000	1.259236
3.160000	1.259195
3.170000	1.259117
3.180000	1.259003
3.190000	1.258852
3.200000	1.258664
3.210000	1.258440
3.220000	1.258179
3.230000	1.257882
3.240000	1.257548
3.250000	1.257178
3.260000	1.256772
3.270000	1.256331
3.280000	1.255853
3.290000	1.255339
3.300000	1.254790
3.310000	1.254205
3.320000	1.253585
3.330000	1.252930
3.340000	1.252240
3.350000	1.251515
3.360000	1.250756
3.370000	1.249962
3.380000	1.249134
3.390000	1.248273
3.400000	1.247378
3.410000	1.246449
3.420000	1.245487
3.430000	1.244492
3.440000	1.243465
3.450000	1.242405
3.460000	1.241314
3.470000	1.240190
3.480000	1.239035
3.490000	1.237849
3.500000	1.236632
3.510000	1.235385
3.520000	1.234108
3.530000	1.232800
3.540000	1.231464
3.550000	1.230098
3.560000	1.228703
3.570000	1.227280
3.580000	1.225829
3.590000	1.224350
3.600000	1.222844
3.610000	1.221311
3.620000	1.219751
3.630000	1.218165
3.640000	1.216554
3.650000	1.214917
3.660000	1.213255
3.670000	1.211569
3.680000	1.209858
3.690000	1.208124
3.700000	1.206367
3.710000	1.204586
3.720000	1.202783
3.730000	1.200958
3.740000	1.199112
3.750000	1.197244
3.760000	1.195356
3.770000	1.193447
3.780000	1.191518
3.790000	1.189570
3.800000	1.187603
3.810000	1.185618
3.820000	1.183614
3.830000	1.181592
3.840000	1.179554
3.850000	1.177498
3.860000	1.175426
3.870000	1.173338
3.880000	1.171235
3.890000	1.169116
3.900000	1.166983
3.910000	1.164836
3.920000	1.162675
3.930000	1.160500
3.940000	1.158313
3.950000	1.156113
3.960000	1.153902
3.970000	1.151678
3.980000	1.149444
3.990000	1.147198
4.000000	1.144943
4.010000	1.142677
4.020000	1.140402
4.030000	1.138118
4.040000	1.135825
4.050000	1.133524
4.060000	1.131215
4.070000	1.128899
4.080000	1.126576
4.090000	1.124246
4.100000	1.121909
4.110000	1.119567
4.120000	1.117220
4.130000	1.114867
4.140000	1.112510
4.150000	1.110148
4.160000	1.107782
4.170000	1.105413
4.180000	1.103040
4.190000	1.100665
4.200000	1.098287
4.210000	1.095907
4.220000	1.093526
4.230000	1.091142
4.240000	1.088758
4.250000	1.086373
4.260000	1.083987
4.270000	1.081602
4.280000	1.079216
4.290000	1.076831
4.300000	1.074447
4.310000	1.072064
4.320000	1.069683
4.330000	1.067303
4.340000	1.064926
4.350000	1.062551
4.360000	1.060178
4.370000	1.057809
4.380000	1.055442
4.390000	1.053080
4.400000	1.050720
4.410000	1.048365
4.420000	1.046015
4.430000	1.043669
4.440000	1.041327
4.450000	1.038991
4.460000	1.036660
4.470000	1.034335
4.480000	1.032015
4.490000	1.029702
4.500000	1.027394
4.510000	1.025094
4.520000	1.022800
4.530000	1.020513
4.540000	1.018233
4.550000	1.015960
4.560000	1.013695
4.570000	1.011437
4.580000	1.009188
4.590000	1.006947
4.600000	1.004714
4.610000	1.002489
4.620000	1.000273
4.630000	0.998066
4.640000	0.995868
4.650000	0.993680
4.660000	0.991500
4.670000	0.989330
4.680000	0.987170
4.690000	0.985020
4.700000	0.982879
4.710000	0.980749
4.720000	0.978629
4.730000	0.976519
4.740000	0.974420
4.750000	0.972332
4.760000	0.970254
4.770000	0.968187
4.780000	0.966132
4.790000	0.964087
4.800000	0.962054
4.810000	0.960032
4.820000	0.958022
4.830000	0.956023
4.840000	0.954036
4.850000	0.952061
4.860000	0.950098
4.870000	0.948146
4.880000	0.946207
4.890000	0.944280
4.900000	0.942365
4.910000	0.940463
4.920000	0.938573
4.930000	0.936696
4.940000	0.934831
4.950000	0.932978
4.960000	0.931139
4.970000	0.929312
4.980000	0.927499
4.990000	0.925698
5.000000	0.923910
5.010000	0.922135
5.020000	0.920373
5.030000	0.918625
5.040000	0.916889
5.050000	0.915167
5.060000	0.913459
5.070000	0.911763
5.080000	0.910081
5.090000	0.908413
5.100000	0.906758
5.110000	0.905116
5.120000	0.903488
5.130000	0.901874
5.140000	0.900274
5.150000	0.898687
5.160000	0.897114
5.170000	0.895554
5.180000	0.894008
5.190000	0.892477
5.200000	0.890959
5.210000	0.889454
5.220000	0.887964
5.230000	0.886488
5.240000	0.885025
5.250000	0.883577
5.260000	0.882142
5.270000	0.880721
5.280000	0.879315
5.290000	0.877922
5.300000	0.876544
5.310000	0.875179
5.320000	0.873829
5.330000	0.872492
5.340000	0.871170
5.350000	0.869862
5.360000	0.868567
5.370000	0.867287
5.380000	0.866021
5.390000	0.864769
5.400000	0.863532
5.410000	0.862308
5.420000	0.861098
5.430000	0.859903
5.440000	0.858722
5.450000	0.857554
5.460000	0.856401
5.470000	0.855262
5.480000	0.854138
5.490000	0.853027
5.500000	0.851930
5.510000	0.850848
5.520000	0.849779
5.530000	0.848725
5.540000	0.847685
5.550000	0.846659
5.560000	0.845647
5.570000	0.844649
5.580000	0.843666
5.590000	0.842696
5.600000	0.841740
5.610000	0.840799
5.620000	0.839871
5.630000	0.838958
5.640000	0.838059
5.650000	0.837174
5.660000	0.836302
5.670000	0.835445
5.680000	0.834602
5.690000	0.833773
5.700000	0.832958
5.710000	0.832157
5.720000	0.831370
5.730000	0.830597
5.740000	0.829837
5.750000	0.829092
5.760000	0.828361
5.770000	0.827644
5.780000	0.826940
5.790000	0.826251
5.800000	0.825576
5.810000	0.824914
5.820000	0.824267
5.830000	0.823633
5.840000	0.823013
5.850000	0.822407
5.860000	0.821815
5.870000	0.821237
5.880000	0.820673
5.890000	0.820122
5.900000	0.819586
5.910000	0.819063
5.920000	0.818554
5.930000	0.818059
5.940000	0.817577
5.950000	0.817110
5.960000	0.816656
5.970000	0.816216
5.980000	0.815790
5.990000	0.815378
6.000000	0.814979
6.010000	0.814594
6.020000	0.814223
6.030000	0.813866
6.040000	0.813522
6.050000	0.813193
6.060000	0.812877
6.070000	0.812574
6.080000	0.812286
6.090000	0.812011
6.100000	0.811749
6.110000	0.811502
6.120000	0.811268
6.130000	0.811048
6.140000	0.810842
6.150000	0.810649
6.160000	0.810470
6.170000	0.810304
6.180000	0.810153
6.190000	0.810015
6.200000	0.809890
6.210000	0.809780
6.220000	0.809683
6.230000	0.809600
6.240000	0.809530
6.250000	0.809474
6.260000	0.809432
6.270000	0.809403
